-0.776549809031
4.23696017105
3.00205958273
2.33136843487
-0.729625623865
3.29974080614
-6.4247609061
1.27246876319
3.75954059906
7.11402648965
-2.22883111681
2.47115937437
-3.88840486765
5.45476739026
4.67994810181
-2.81370494611
5.42496911951
7.56943055518
-2.75389916251
0.353640937583
3.17944969658
2.72502350052
4.14537989431
-2.547051097
9.82982141628
3.10141530159
8.55873351864
1.0721414996
3.16777244613
1.90455528015
-1.7373599117
3.15734472152
4.99085882711
0.839680590636
4.37880557553
0.587695929131
6.21625187092
9.84440859926
1.09796553845
0.477151705765
1.21679951692
5.06995856434
-1.34938404213
8.49258772547
0.238606523631
5.42191877128
6.5162043846
3.18074374044
-0.00775189782161
5.09242565249
-0.765370767854
-0.578111577026
6.19207759077
5.41928860527
2.48261123163
8.92498647078
0.737524006084
0.465630361068
3.66434466997
3.38087656006
6.28184557645
11.3669461573
2.73527331492
1.57055541007
2.03016386706
0.634166284138
-1.30467753882
-4.21829011035
1.4829239931
-0.761803935969
13.7739188188
4.3041638711
0.160097558054
-5.26701510171
10.2772343546
-1.61669465674
6.50727452199
3.1982855367
-2.01665625654
5.98036545397
0.948345424803
5.15732538108
2.13428004642
5.0406361878
3.57741369843
4.75119828038
2.12527486911
4.61288322669
1.8357752897
4.56307762732
3.55195811253
7.49065230042
3.8085746587
3.84636637628
0.333683648986
3.55529490491
-0.0392343849642
3.82751906113
3.70549140378
7.77312761695
-0.0938923690643
-0.0337976127992
3.59661857936
4.08617787497
5.66834041806
5.02910238014
4.47873932396
6.72223778932
6.55905731861
0.993593665458
-0.543492780409
2.97429117362
-1.67998451292
0.949376978627
5.55540856999
7.61603414295
2.03184111514
9.0137690688
-4.03170688339
2.63850544806
2.61430638706
1.95493818297
3.35712690481
2.45321927091
2.98371043483
1.55356642609
5.2302935189
1.13303009045
3.80987328369
2.47816296585
-1.53903626729
2.18792501043
3.37241642132
3.46348643333
4.15665757354
0.252491802488
7.97812145929
4.78599081227
2.19547649003
-3.43195086407
8.43819237823
4.23665269053
3.58951015234
7.64311068237
5.02079577141
1.90248149221
7.00826724073
3.77479748005
0.965543012954
4.94130482909
5.85616942913
4.13166272222
3.25012264154
-4.66423256549
-4.08863375036
1.59295933138
4.11199499093
2.7134475747
2.63226026713
-1.20353212089
3.11740373277
-0.31027997772
4.00111247812
-2.42612264593
7.70213917568
1.34188960218
9.7098309147
9.02103699415
1.64328347506
0.25467210496
0.520583843749
-2.03839430804
4.91962929034
3.27008362099
3.04187548404
4.80003282668
2.28855646586
4.90131510462
3.36935587667
1.53484334203
4.94301436879
-1.75881461516
0.663988504698
3.54920037532
-3.48732039019
4.31861669209
0.877186188152
2.57320630039
-2.26252367592
2.03461343615
4.47326450949
5.50735022971
3.24142318069
-0.356103933226
3.91410348215
0.907706709934
4.97631999063
4.0905101299
7.3931931703
4.864012654
-0.0532424378012
4.12057213281
5.73123330484
0.122480325211
1.86490711074
2.33581827387
-1.82620891792
0.250777624109
8.76582719742
4.56842452372
5.03130123647
5.33528861286
7.03852543902
6.10425828317
0.226206541998
1.87069207873
3.25512379019
2.48140737508
4.97988711552
4.69736066353
5.26712586917
6.11449074078
0.935600750528
5.05808036699
0.94460213389
4.08595855597
-1.33090680739
7.29285464385
7.85841262435
1.52077476497
-3.26972270016
3.85771131636
1.01915699403
5.85117394801
5.46659780892
0.443507620091
0.563802029754
4.33797071468
2.37000957806
6.69527292083
2.85225494821
2.63837931557
-0.254144524021
2.98731759736
1.43411971552
0.369526553039
3.64508855747
-5.04839443272
3.64525530435
4.2553762878
4.97488713624
2.04277903378
-1.30803976393
5.6222943804
8.16464675627
-2.06170517874
2.14138702411
7.24074270093
2.16303177239
-0.707422931658
3.8683337881
1.29635229308
-0.413422928709
7.12603902076
5.62802147521
6.70821059294
3.22450573596
4.05677009965
2.7925448041
-0.595622192678
-1.84216158697
4.07572250948
4.76042430692
-0.145053094913
6.52278251631
5.059534217
0.00759954906432
-0.0790267800498
3.00022607668
-3.50226913685
0.316018771844
4.10326550812
-0.42656958877
3.2077981818
6.21587817384
3.65407631957
10.4221951093
4.09180641819
0.341102378635
2.21356919595
-0.875238671069
-0.269109868734
1.09882041879
2.81845295901
0.065815265207
3.3098542208
2.0623488709
7.85048785599
-1.41783419057
3.57787490866
9.74105300313
2.82282020311
0.258829752106
-0.723067388871
2.7290111672
-2.67097139919
4.36403312171
1.20522769931
6.80495948537
4.08243216459
1.97067679543
2.08257594883
3.8875714899
4.25728185916
6.73212414039
0.940400116734
-1.94902664461
8.23740215028
1.87308412404
3.43381266918
0.578083316837
5.05756650923
1.17727696946
1.66132357575
-0.864341045553
8.79029290807
5.57441045777
1.05240422926
3.67841813771
9.59383574708
8.36222309683
5.45897083955
6.12949391472
4.01969686036
4.81608533219
-2.49138681698e-05
1.15836593652
0.457029670366
-1.5147020071
3.21970602086
-4.05233702319
2.06846186996
-1.15928326827
-2.99839379092
8.47712597031
5.68003611393
4.84131065919
4.69764711258
4.67790346082
-4.06375754305
-0.274636113997
3.05078825264
5.37098680978
-3.42631072168
3.83522719167
4.87175506501
4.01810054225
2.64339034319
0.844674828026
6.33704288014
1.07744206897
1.37158117684
2.8870791294
4.74009100679
1.90658923632
6.77696126801
5.45590664683
4.6572948854
10.3828633777
2.62529908866
-2.47602258539
7.5143523872
6.83309979115
5.58308335658
0.935411316082
6.23655549718
-1.94765359632
1.13131421219
-2.76270991254
1.59575691152
3.65775649491
5.84455852114
6.40409095559
5.73157803504
1.85091343015
1.76650437087
3.9602858547
4.13884060662
3.5416157308
0.94458173858
4.3710537376
4.74258092791
-1.89153231737
2.22923270174
3.79364959279
4.00706288033
6.0935394057
-3.52343283407
0.816418240641
1.95673429884
-1.56543333061
2.55220359258
-3.33080202949
7.94087281175
11.160895385
0.383500416031
1.05175914529
4.88772654185
6.1202326743
5.44472461659
3.20810528357
2.01676490384
3.0194606631
4.57179143475
4.45367229375
2.90162894142
4.6538242959
-0.213103163028
2.95185817481
0.899824994133
4.05774375174
1.21268599479
-1.4720146919
1.14731698242
3.42174447518
3.00808980123
4.96384910731
0.100545259856
1.23908578829
-1.03913792134
4.90713662024
2.4846201275
3.0707178098
4.98660912625
-0.880204002523
8.88908110436
2.03502689203
3.23276777967
4.26088944525
2.16378200788
1.81278675558
4.07727626749
8.86769281528
1.89162476748
0.708595947695
1.22902029619
2.51546480651
2.93006739845
0.489215593087
1.06347128905
5.58619625323
3.19093969668
4.02141138521
1.99509001561
3.62621962092
5.10373391808
4.48615503722
-1.34866984949
6.43285797975
-1.57985971807
4.31382741495
2.72086171515
7.50439504527
-1.69003592299
8.05458519523
7.42751295416
3.83311793658
-0.0166485000306
6.68574685597
4.30733351442
2.9646668866
3.1752827578
3.04555117151
2.69787555567
5.62687634645
4.69401659044
-1.2228294741
1.03304467697
-0.156957683823
1.91917277084
0.568062028945
4.84270729901
5.38551278997
2.88370600086
5.75595970504
3.29234407788
-5.51194250945
6.96049301026
3.4357153441
4.70437926849
5.79053747283
3.1930994234
1.79765499679
0.0692671147781
-0.473095458686
3.39527124329
4.12403997997
2.51918164046
4.74879565971
1.91578259898
6.82372188056
2.09596767327
4.41696370461
-0.0538025739406
4.64753882774
9.21323020913
3.8215667717
-5.29573913369
1.64719530618
1.97997978484
4.41741097802
3.95279738468
1.64447621166
1.05410104552
4.5950666843
1.35145223601
6.92337159142
5.50185956494
5.76857381766
2.34260100563
4.9427464798
-0.666902676884
1.65681729551
5.14055685188
1.91950708349
-1.64443363225
-0.853374645963
-1.2560088004
-0.377902470654
1.52071662499
7.60699597644
4.86306472684
6.0246592511
5.00467217567
7.34157950016
8.96064613657
2.02746110753
0.337037854041
3.96936990323
1.63573167635
2.88655346906
5.8429928561
6.97078520683
1.11629547208
-1.82340927964
5.50904190788
1.32410424378
7.33310562821
2.48243688927
5.11313468067
-1.35602121514
-5.03882128739
3.91365373204
4.0005468951
5.53109773296
7.61107935664
5.83345115197
5.61610068182
2.90905276891
-1.01697882991
0.303841424774
3.2122346701
-1.08627825522
5.23095206576
0.760664905154
4.79805751115
5.09412825658
1.28651488111
3.27240676597
-1.24757033984
2.37934066532
4.01990372031
4.54283606469
1.75047975799
6.29309508899
1.29542635178
-4.93420928656
4.25002035247
3.81232174633
-0.635524390384
1.88509207208
-0.825360220728
8.13102929816
2.25325440302
4.59296701586
7.56882043865
6.24426510682
4.6121444533
6.88143021425
5.48822726809
5.40737552763
3.81102190443
2.12808664453
4.00613609468
3.09637381065
5.2091526161
4.3540767643
-3.19160717028
4.19119105518
4.5720213096
3.22422479078
1.08433591043
0.40517692389
-1.99307410568
2.56148087053
2.71036506037
1.01426893586
1.95935805781
7.02622488537
5.87488010466
7.53518200421
1.62070012968
6.035989187
6.9466305
0.502153097481
-1.87374041824
4.57417195923
-0.99703822135
3.02418253357
7.12422999492
4.23358354473
4.24066500114
9.29220544878
1.50344031467
3.16297047048
7.53569475825
4.95817611411
-0.0152488525294
0.136279981718
3.58095421903
2.10257180444
1.46257879228
2.20133488076
1.51420507095
2.6664677382
4.91175356247
-3.28612784126
1.06684571054
2.61154595026
0.924706033488
3.70886383132
1.32553581923
1.8102559883
9.75800693021
4.37883015722
3.47039763441
1.84148880978
3.17213408007
1.24021453539
4.44520228853
1.78604370153
-0.399721769318
0.778138056235
12.4080281046
-0.0620827970226
3.24447401839
-0.0566000477627
-0.815514522248
1.11120230299
0.101745612423
1.3341338638
5.63060479027
7.10403522778
-1.38102205525
6.6567337132
2.97160068222
10.2031931305
1.66435422991
2.06154648832
3.64706484661
6.17832315811
3.01544303746
2.25875834588
3.45510443997
3.06383969805
3.89357027126
0.213692259683
5.23321766405
-0.309601075198
7.13384221987
7.11205764615
2.51073694698
2.13266353507
1.61544949694
4.20134201641
1.95534394937
-1.81122894378
6.4044105844
3.8262886639
1.63781833282
1.06915829174
1.65893635641
7.17831696595
-0.748175195238
1.67684677168
-1.91096211765
4.78237401582
5.54494761566
3.36893434041
0.363549672527
5.01740297064
3.17040000136
4.06355234342
6.09961819529
9.23088845623
6.02647037131
3.26316262267
3.88934771546
2.19924310548
3.8190529291
1.5700981587
3.79021524433
2.87541749286
2.56388727188
1.31390535416
3.60342482991
6.68312713065
-2.76223960638
1.78561807239
2.92533978717
0.797228801713
2.15133856013
0.587031557602
-1.66825139246
2.4873046788
-0.0102351769416
0.915065398837
1.0330897119
-1.34436474912
1.52983120852
6.97076977009
-2.89710115495
6.78969838102
-1.64298654825
3.02867539598
7.58001908424
4.43557672166
-1.70968885252
2.36476052753
-1.73198303244
3.93813389334
-0.790675584617
0.576723607679
5.33720008742
7.21919447001
3.55358571312
5.38809044717
4.66598176204
3.44648742281
4.49920737146
4.20003937122
6.71489234083
2.6540955078
7.56304102659
-0.25434362045
3.82571737543
4.85335812213
4.57123534705
0.791791295866
-4.50897452894
5.19029092883
2.36152235886
-1.02926336839
2.14189758323
2.79628809015
7.0367358455
3.36421355178
4.76463097768
-2.43735786106
2.00271333421
2.19619923163
5.26940494832
0.568779373734
2.80365505038
-3.35064215008
1.0571068288
4.58294695705
1.13182293161
3.47259743184
1.3503354833
5.0222673699
3.70670059534
2.78858947514
4.85939444234
1.84655546548
0.152442823095
4.24364977785
4.7202185528
8.5644413846
2.43184183507
-0.704095836237
6.23390639142
-1.06161490292
6.6692312401
0.400435314697
-0.188728000321
4.35604564306
7.17047019893
2.44630543774
0.697204027552
4.73225368659
8.64813033738
-1.19579536274
2.8956105705
7.2338674995
1.8267899594
2.56382920737
1.60631234676
0.561455477773
2.76951242071
4.26235730887
2.19109497471
1.15301933795
0.723101446827
4.99701061435
-0.237080502762
1.85012353309
-3.52684006884
3.18183911276
2.72600021963
2.28483021036
2.15893205113
3.59042484823
-0.975733035401
2.55026781738
-0.573412047104
4.10404202951
-0.0997482806361
5.2377088649
4.16858474069
5.92719601874
3.27962989287
1.6782131816
0.212299916797
5.78346773532
2.96043111631
3.73841843242
7.13401993576
3.7180230314
4.03776253966
4.4531361911
-1.66613475119
3.64388816938
6.46759248082
4.08384444934
-0.361343757109
1.1646086245
7.84604604673
6.14536021683
2.37212520449
0.517389997962
-2.09954067596
-0.626052072725
-0.281867361437
5.40795977941
6.20304381845
4.64659848898
4.43377521084
-0.186807100819
7.30979303973
5.70279534116
2.34131821186
4.10034948641
7.33484391655
1.45748623003
7.37109283946
4.15097810453
4.47858660262
-1.50229628836
5.56336236684
3.88464273332
6.60112064174
3.01362391194
5.09144528347
0.383012017167
2.60631424784
5.05417654105
1.45524372963
3.46969830028
1.17779853407
2.78524911813
2.60317312872
1.72588942284
1.34176294386
1.61953903301
3.19199347183
1.02283297662
-0.57988108119
2.19786861356
4.02126544376
0.809003178682
2.94654368987
3.7511081876
2.44556089223
5.86838476306
3.64645344586
8.20057283742
3.26456984205
4.22642886546
4.28045354224
-1.79780496954
2.31621843527
-2.43062437134
1.41325585703
4.99509535848
5.21664672409
5.37147415064
4.36955964687
3.08848239053
7.69381152988
2.68906438648
3.24450270284
4.12782164452
3.61529730066
0.177495745452
0.159788227358
0.118106960942
2.48359864002
-2.29169211686
1.63842926727
-0.433292406865
3.26191443362
2.69710902216
2.29658177635
0.942315141662
6.60086559358
3.88080420055
0.985597915367
-2.29524098886
7.67180248955
1.44642531481
2.54905123002
5.78138550072
7.35366955253
6.92666876577
9.45871737768
4.32142491649
-6.12539532042
-0.270960373548
4.85100831176
2.82396348028
3.37070305779
0.852342664595
6.10787348795
4.97666260018
1.81056423951
2.60576703233
6.55356874786
7.28578036721
4.33460151841
8.72858108653
3.09597371953
-3.13804763197
3.58010542931
3.04972258477
6.19685574483
3.14651521759
3.28925810349
7.63032461312
2.39083115567
7.66834631179
1.40684364258
-2.47425293805
5.30216529796
3.39592620044
4.90084599104
4.00639554404
2.4447972091
5.7452532404
-1.08330327545
4.41248373516
-0.820180748773
-2.99378383614
0.304605947847
1.46278094476
2.93411656624
2.47575151286
4.6174243256
0.247538444958
5.25833963637
1.9596975257
5.91710185658
2.23236320536
3.83686509519
0.0612897637102
2.96430779382
2.13192092835
-0.153236304024
2.62099310917
5.91984224675
0.463250448721
-1.16451846352
1.05840960783
4.41651352555
5.46961728399
-2.0756937809
6.50445194709
-0.359324880298
4.3824945238
-0.395186538423
8.12022202784
2.84486314773
5.23398411515
6.37494375934
-2.47937755829
5.24333105885
1.25190679617
-2.38433860088
0.584002191384
4.26969903725
-1.27216468947
0.602976151023
5.85941144268
2.54097081917
4.12613257875
-0.966901246925
3.57671310659
1.83001176249
7.16684958868
1.67729849744
8.36997773589
5.8085545334
0.697993935927
-1.22111717605
0.0775410456364
1.64682418681
1.0673486878
4.57629953751
6.84645302247
4.65156399916
5.93433016785
2.31064832628
3.98573521056
1.37302134979
4.60441002338
3.72411441458
6.43292243308
5.22947319513
10.4060277984
4.39503305737
3.88112581516
1.72690856104
0.784977990212
8.02673128769
0.372397810755
6.44284294645
9.20759134951
1.4232239962
2.22323415203
5.5176213133
5.15697650466
-1.64581955004
5.29632534467
0.161154558479
6.53976865473
5.84927740562
9.41810176031
8.23452932693
6.79451747686
5.05305369361
-0.591737013821
0.211401397051
6.79590732988
4.94974529124
3.92792696415
9.37147379031
2.33946374739
1.81743320589
2.35716033752
-0.828970660375
1.41865112424
1.44046143009
0.32573092785
6.07596640113
-1.31148233349
4.65887321758
0.0457775802925
2.39599072229
7.94725843976
-1.57558513895
3.34729157041
2.20251417098
0.708367059852
5.01665666334
1.90229658619
7.17908864112
1.79133584002
2.45719587654
6.74637532508
2.55309746035
6.79673409438
3.45188260061
6.53723712247
0.361219550602
9.57702522036
2.53255725932
4.92588261704
1.58688534916
-0.345449877783
-0.50307771318
5.56908032093
6.25610280173
1.0501872807
-1.4013152913
3.49527944873
2.65361947185
4.38688591186
7.73125857241
3.57156571984
6.54622737341
1.04813442665
4.8580762997
2.84381510666
5.88409232037
8.81677540875
0.4946043894
-0.801927257668
6.20579944406
5.82346084323
5.0845205559
9.7820223459
2.24632109766
1.5498403218
2.5680905068
3.5446409661
9.39420455141
3.6074131195
1.46510294511
-0.8604753056
2.39189528925
-0.540507531914
2.29297915383
5.85455505476
6.23886669552
0.738028793862
-0.000114730333333
3.23194928861
0.219222836977
-1.6898430402
-2.69756300768
2.81825621348
2.17104585612
6.3786468762
2.73475600235
1.81474915662
7.43477158861
0.628201636018
1.96840525192
7.25591383145
1.96831174711
13.0673390502
3.25182803407
0.117002848435
-1.32012386837
6.00450944481
0.746633407021
2.70042983908
0.00241448037528
1.43110995302
4.51309255472
2.90662665562
7.8166453061
4.82422976823
-2.23492487695
-0.762598947857
0.561991337577
7.44394032366
0.483886753422
3.75570726836
4.37160790038
1.92430502984
3.71062344711
7.69658354132
8.40726203593
7.37599742544
8.96850283858
3.47329912594
2.58298702844
5.67751812577
0.885994462279
-0.280181997407
2.14812422815
-0.0911198495749
5.89613566591
3.19992152214
-3.8113080891
5.57500639749
5.32493626846
4.0811282018
-4.00420801321
7.26306733422
1.30353026133
6.60307906189
3.46739769274
5.09849177395
2.16457566232
3.39002916145
10.2704115067
-0.0146762634224
3.04206277358
-3.05817334272
-1.60190944086
1.77716160496
3.00946274902
-1.69875961807
1.71447644792
5.28863657561
7.06477098432
-2.74063726026
7.20768145528
6.14816317622
0.431536254809
11.3587322829
3.57526847316
5.07998958719
5.45448630398
-0.258536247571
-4.68962271295
4.86249130482
1.47410647154
3.44019344657
-4.71913134059
4.93261742979
1.02462346946
5.90906330464
-1.17630120628
0.0824702165228
0.651707201542
-0.397439454598
2.66180517197
6.10799612165
1.48544653671
-0.799849709964
2.68491250322
7.21292180647
4.81258546726
0.244162187591
-0.595049055394
2.17271272431
6.02295984931
3.01181402588
3.83498139065
4.93647624009
2.26826700276
5.10252611816
1.68556951027
1.55372383981
-2.2299876831
3.91732151955
5.32746699818
4.71811135836
5.70178808461
-0.059601485034
4.71421553398
2.14728930594
1.6561465312
4.25981861744
9.71645137056
2.3660391013
2.27826223286
5.70334847055
5.7157541465
1.37075297863
2.5465335827
1.18182268792
2.51825645724
-1.08210601819
6.04096564136
-1.94853733745
-3.18111260106
7.21351834578
5.77520484125
3.61911976017
7.09112142329
1.53444944934
2.94004266823
6.29164927128
9.4163398985
2.23012449316
2.78669261217
5.40368340049
2.37454516368
-2.97813648972
8.45776972284
2.16437548486
-4.54759273999
0.977785115444
3.56704876096
4.01616740727
1.10308561446
1.734219724
2.84417248435
3.09101426875
4.39797287929
7.82525461059
4.67094261109
4.98644393521
6.39103831422
2.907814205
1.35332636648
4.1700066902
2.3529780979
5.8413868794
4.55460848096
6.33337032902
1.55510382332
-0.0478896010354
4.78384447676
2.36939988813
0.499211353585
6.92620455657
-0.73846908696
3.53190074302
-3.94064611252
1.27899952379
7.69026675886
2.71635392861
4.03332399199
9.55609341345
2.79536161705
0.963249816434
-1.81067592785
5.78131818066
0.104658534863
2.43302928989
5.80050518384
3.53803514297
6.58770616103
2.09149511963
2.95706468077
0.278623607149
2.91261151515
-0.776397241171
0.147861723331
2.602540042
4.45538924721
-0.362899451604
4.92645074011
7.64635756589
0.864377675003
-1.08038748358
7.05991275847
1.19968197462
-0.742560763529
5.31492721637
6.72577482319
2.98161888497
-1.90866176243
4.2519981433
-4.27480691345
3.60629937995
0.337399129592
0.94817343745
1.69614211597
-3.1182296379
3.68181572931
2.53814663198
3.57023688921
-0.646582186253
9.2187048646
4.3920097884
0.257212674985
4.94275166456
8.38421911466
3.69107183353
1.11422053113
5.55344732137
5.01722464416
4.36297862129
7.00586321303
2.4940599863
10.4452402791
1.96956008319
0.694908480635
9.53786180252
3.84728181767
3.07202729917
1.01346749403
2.8021575995
7.38327773994
4.00630520923
2.57060175164
5.8265491986
5.67676738785
0.0174668415997
8.77031702475
1.70308397058
3.90790752025
2.24103408156
1.89796732883
9.39373041785
2.7964079269
3.34613961547
9.14791702596
3.34017409589
3.41017166505
8.98089798213
6.73404446875
5.64614626943
-0.392470885562
4.10860413253
3.16012168137
0.0958970493411
1.08923980044
4.61365929232
0.876676222317
3.80839025948
6.61654857181
0.745956356675
6.91416883946
3.64457254754
1.9162337014
2.35909804546
5.05516360821
4.56997118902
5.48683606026
1.81856297783
1.2861880887
9.31011730714
4.63792954553
3.04405519221
4.88087316616
6.74153964392
1.34321637494
4.16897895034
1.32553344825
2.91009827316
0.572199556124
1.47627935646
6.98870079478
6.5547898567
-0.955629954133
2.95797553393
-1.86593816358
-1.55806470987
1.55565884757
-3.32182120799
2.4950503617
6.09024110908
2.88824833366
1.75593079354
6.83350221288
8.1621120941
2.63440713128
0.968733628716
6.10149055518
4.94828055806
4.03914913565
6.130639291
7.73940075235
2.93533712545
2.50190565811
-0.552334205607
6.87890419743
3.62650037133
4.77553360747
-0.814773711952
4.28098355231
5.05064742283
5.24015863007
0.991803069737
2.74974006163
1.20868865596
7.30744228875
-0.356861441823
3.67853771914
1.90719729609
-3.13965866769
2.27275279996
1.634758663
2.03199776699
0.104788296352
7.66194207302
4.04899966405
-0.324413382871
0.684810003211
3.39968172574
4.27950762442
5.34924483384
5.00317318639
2.96458254723
6.18802213597
2.45161499529
5.9025767309
5.97920934975
0.198127742438
10.0900872878
5.88323941565
-3.14756229242
7.51796958208
4.48021083755
2.79416015218
3.40206566353
0.373014046141
5.89881121256
6.17463542222
6.88433648616
5.67557208526
2.97359927262
2.35184663642
3.01622864627
3.14174961916
5.1802749496
5.89901936353
1.36983574122
3.05003707441
3.7972967187
1.19141861227
5.69153851471
1.67845936956
-0.65953742728
7.8344805247
3.59210313638
3.39251843319
0.116221878104
1.82219830975
2.35329003662
0.0687271499537
1.70275318245
2.66002383311
1.61589438449
-1.84363229428
0.429113093173
5.31264440328
2.29737052418
-3.50321243281
6.84825755404
-0.486803165755
3.88868045383
3.54304438006
4.47248548585
5.71499262475
1.7478548381
2.45162480927
-1.09961165493
5.11625004499
6.52311214469
5.36736301435
8.02856868226
6.84095556786
2.35050064542
7.6505131786
-0.34986599506
0.452485395169
-1.09618209503
0.110503064468
7.47102096781
4.91238276125
1.35633712318
2.15949485633
4.38689025337
5.50143056484
7.43281394179
0.349821522806
5.20013888915
1.50564033349
0.229622698064
4.83028448816
7.38569039698
3.87031957633
-2.09462511057
7.50299616451
2.48734883478
0.183213392598
7.64299039886
7.56021201305
1.18617660633
3.70281551112
3.39206860725
5.5015246738
3.86549678565
3.56271739874
2.84204219342
3.75662618909
3.20484665783
6.75881912709
1.08500908288
4.52978717211
1.77651218533
-0.335689140447
4.53310647434
3.95952766396
7.54087303893
7.19186185286
7.04541100719
7.14163077819
2.28674426234
-0.202174213879
6.05421216326
4.19904028992
3.47773010867
5.85203717179
2.54851428462
9.14321439856
3.70275249242
3.97186575166
4.73311889457
3.97720317528
1.83321573534
5.44373756889
-1.55952556983
1.49292037352
2.02626598198
1.31808863275
9.25124179241
2.14889034484
8.42146692169
0.126633108952
0.955075227748
3.61133953632
2.45914191231
0.10438078808
2.43707233734
1.87515825667
3.98627362629
5.19016988685
-0.286125687767
-2.96967948248
3.01369420717
4.0016192396
4.23556725821
4.61549709661
3.91875021348
-2.91356967496
3.33996649593
-0.231493856892
3.94498676418
4.0545859955
1.02032589815
0.909536439123
4.86243393522
2.16790148558
2.80603406587
-0.0932954530698
-0.189599935562
10.6872849361
3.64297272545
4.50748632666
1.76139776468
3.70815048703
-1.51262067533
4.1293925953
3.90833868425
1.29675200755
4.43275329961
4.4971466077
2.39223796403
1.01286434348
0.239474830138
7.44997215166
4.74947358454
1.59564972912
2.28556326352
1.85458981319
2.11137576978
2.24302646433
-3.08923418024
2.80323535475
4.45438146041
1.42999618288
7.91626563959
0.473645787895
0.0414888019026
4.06898646956
3.01300765278
9.30187337109
5.82626338504
2.86251272383
3.47701942206
7.14704667698
-1.357968376
9.12917513177
0.539871518273
3.77864652702
5.23889090936
5.55315567233
2.28474966162
0.040116620828
1.46435076762
4.14455846609
1.90612442391
0.887772411783
2.42430591268
-2.41971700442
5.31835608867
-0.162196552657
-3.62577503191
3.9564481979
7.74140409081
-1.13401813245
5.03614417487
5.12435747161
-0.450734580682
4.37846902396
3.18839943144
5.65102299222
3.24690303511
6.82511814268
2.47117634409
-0.140266004095
-2.53147787902
4.46928194745
2.75573862498
3.98033379402
10.7097864736
4.9270742135
2.49109570349
2.57388479354
7.33679945563
3.27783852742
0.452094437526
0.102349563385
5.24328794258
2.89001641824
2.29482223379
3.2704630991
2.21091961501
1.5084176389
9.78482345339
5.79476004525
3.77069409581
8.10195781361
3.54163646898
3.36266239978
0.420175330169
-2.09027877895
6.7945322132
5.04087986305
2.66220735827
2.80413386689
1.34367110776
0.450014831922
2.58193332539
1.56697482978
1.18351999903
-2.53554618366
1.05540032578
2.2708950762
3.4747757318
2.55750292788
-0.123855099584
0.952602662596
7.20149200124
-0.920552323198
7.92699494359
1.74155711139
3.37570736813
0.119918347003
0.761241494782
9.10475895123
4.13882589266
1.823213238
1.27444379649
8.65680145772
2.43489811555
9.09338138361
4.76905600902
6.20137896738
-1.00019759348
0.194344224913
1.63202867544
4.15612463741
1.74648739627
6.20707326421
3.07911304488
-0.455336795811
-0.938737922264
5.12476114154
3.75158733931
0.467693657047
0.0312772163994
5.16776124932
3.66546728452
-2.2429566712
3.06434437464
3.47207121423
5.35654927538
-0.93617088092
2.92413284267
1.65301828018
2.61362196216
1.08228240711
-5.11893186387
0.921685407205
5.05712139075
0.170691713054
1.27558265674
6.98694999665
8.39154993619
6.30927048985
3.68874589547
5.77332639919
2.14226483618
5.78227314889
5.70380175225
9.66660637042
-2.10046240196
-0.159483817304
-0.42351440387
2.88697602213
0.0271781533627
-1.99069867036
2.44622795908
2.17870460943
6.11544509018
2.79435680029
2.48524024246
3.81355561715
5.72859533229
4.99283601182
3.19689625423
0.562209008814
4.48681302234
6.91653815046
10.9726764699
-0.750176840636
0.213842765925
3.9156062308
0.825735719859
1.10254630276
2.99156657399
-0.360256409402
2.20563474772
-3.18862015412
3.61483896914
0.197994006088
5.90565976731
2.23642984355
4.53546440271
8.31301228927
3.28974692761
4.86966861072
8.37256327112
1.37697591995
3.28134472488
-0.588982710904
-0.409786085101
3.63388216353
7.18288166911
3.47431225913
4.52692903073
1.19667895037
1.82026064394
7.01238904865
7.93051891334
5.62605848113
4.85673500741
6.19414137576
-0.343526109861
-1.20965146471
0.332328196798
2.68410307381
1.14053013887
7.21583982585
5.09828530237
-0.163374674472
7.46056394155
6.26256865486
1.41260271964
2.57177252746
5.34867598337
3.61991250329
4.49923625665
-3.09688440779
-2.8856125322
-2.55054249199
2.58906320085
3.66281504951
1.89919593621
4.41071783039
7.77973491949
8.897807607
5.46695468249
2.33073748659
3.79485064786
7.65661497244
0.893634872233
3.51607736262
-0.142027122887
2.74293838513
4.69584679123
3.67568184231
1.79037236469
6.06205626871
5.38328260952
10.0169190545
2.80399662225
5.52628381848
0.189464349257
3.89877492412
5.00935131268
5.63761595734
5.76473760597
2.24484528093
1.73402926101
4.64139215697
4.09130007096
2.01620542593
0.0417460940266
1.75724676055
6.79268380374
7.7417970146
6.2089488916
3.2396548655
2.87004290534
6.1583975118
2.49161299526
0.250268715736
9.28544831781
5.80023056604
0.824467193343
-1.26931795217
0.850442636568
-2.71621810883
-0.0251755270589
-1.53480523994
5.3120567161
6.4591054852
-0.199721121555
2.64409071038
-1.49546265071
-0.479864703223
0.457333334812
3.72000509449
2.43413204485
6.8640517661
2.33532904616
8.49138139343
8.65909739386
2.75346277982
-0.275925172014
9.43047630938
0.378716774143
0.0353389852174
-0.0531742837115
0.213294720721
4.91160180843
0.0498481059437
8.34352048166
3.94698748477
6.70797663675
3.30860948941
1.43377557781
1.8104773548
4.32168593875
4.01877927315
-2.67619127961
0.584292498946
4.0625529934
6.47970569536
4.69886644095
3.47831853474
1.15466775905
1.69835561287
3.26678107003
10.4449920282
7.42325830793
1.87229574144
4.96404758369
3.08296954263
-0.676207778602
3.55266342353
5.40400726561
0.112885304076
4.21365041537
2.56583161217
4.9715277116
6.42999042016
4.64124182549
-0.640567868343
4.2583652159
0.97533504961
0.434822888585
8.25672448258
2.56780494005
7.42402850876
3.53274987669
1.6500805246
0.0388432706488
-0.99134573715
5.93598945795
2.95273875594
3.95371152784
4.86756130713
8.58332506777
8.00731576596
5.0560009596
-1.35195272614
4.78964251972
8.50158797939
1.53209339517
-1.39812364628
-2.72865966785
-0.137377336524
1.14253189331
4.52470028485
2.79232221384
4.75594775881
4.25399829286
4.94516352091
6.21433507582
1.23832816752
2.4243134073
3.1589296929
7.67431261565
6.11519645397
4.7724975771
4.27088302713
2.6139142472
-1.35715493362
5.70313204565
3.73160366771
1.56933545462
5.10920479004
4.88779219838
5.35548790242
4.67897073415
1.95856620392
3.6298243738
6.88725603138
0.379570114749
-1.510021544
0.811243692109
0.0149663322616
12.335673587
10.1839273995
4.97490209947
0.699552108429
3.98868543078
6.77215102838
3.66870105791
4.14445201912
0.112226140844
2.13608448787
6.03119791712
5.61411479408
3.40120413367
0.587312360897
1.22457594455
2.55637289187
1.27849032612
4.81532682419
4.61708880661
5.55950559321
5.78863252893
2.63514425338
1.33380215034
4.97383942359
-1.14021302466
-0.952070869964
3.32673083229
0.65329099846
1.98607691484
3.39403562127
7.06660436982
12.0494110698
6.47116216206
-0.931175521968
1.61079754183
5.65448537372
-0.539878130825
4.7499167125
4.64452011636
0.853924713936
3.19598731714
4.18000467427
7.03991853814
1.62168615493
-1.00568561923
7.24485424278
6.30063809924
2.76783522189
3.77889533677
6.34620502888
1.01851222237
4.73987406275
-1.57535063395
6.58361915158
4.21937476797
7.00724388386
3.68359883228
4.77439707836
2.68734917679
1.49157640349
5.53950053686
2.04025720305
5.51835410976
4.88787088474
5.32743463748
1.23620165043
3.11142132621
6.27464677492
-0.801166396095
-0.341294979888
0.253047629171
6.98883879204
2.78090170667
2.00152696637
4.85085911024
-0.62946635492
0.784166410712
2.73597208909
0.467483860357
4.06671358172
0.968167870112
7.55292167967
2.29957163539
2.51293907994
4.02665641869
5.2979724074
0.023214886876
-0.143136217602
-0.921947647209
0.873696227485
0.712672970228
3.93186642759
7.36853397147
2.41970880963
3.36781614111
6.07442571319
-0.936620305166
5.84067887236
6.90526723724
3.80466786258
3.51064759203
0.33267354247
5.85975781363
2.780522187
0.107063570844
4.21450719124
5.28231766052
2.05931432094
3.79322602783
6.80631137508
-0.0528211388743
0.040907581879
4.76556527343
4.82739519564
6.64855536435
1.62108661902
3.15868673333
4.5958044757
7.46176204101
-0.309323922735
3.53631538495
0.546398250474
0.495092631445
6.0012969237
1.06431446149
0.245968990641
5.02748439358
1.7515259502
6.84489957566
5.47184321109
2.48049798259
6.32687565067
-2.66847069359
1.25896592976
0.966079255605
-0.690629227872
2.83952892487
3.96146722044
-1.29134207747
3.9196180938
4.34532835557
-1.49149229485
3.0947066542
0.671978636789
6.38719394051
2.04455714055
1.031016531
7.00741127417
-5.50233450569
7.24861443308
3.00783432849
2.09439366679
-0.919175236682
1.49330577826
1.74196923173
1.77015916739
2.07747489872
-2.12023971702
5.45626496707
5.23238936302
3.98929632508
3.22161613443
1.68860929221
4.44668952011
9.132540503
2.74561860531
0.828964979451
5.00262953004
0.513086606861
0.124379667806
2.05509368316
3.75647328337
1.79233526994
6.5803090657
2.90148236493
1.69084487797
5.0372510401
3.38765119597
3.27625379792
3.29439259092
9.3383419972
7.75661239758
4.85774847994
1.27407153063
-1.44194482672
4.05262738637
4.22305457198
-0.430401924037
4.15302620384
-1.26547541895
6.24663475593
2.83684923866
8.12586663483
-2.95524187395
5.60522769919
5.83246547655
6.26452227575
2.53643305392
0.714923324372
0.772609894513
4.86493213971
1.36895278936
8.07687212575
6.27128207422
-3.23888079586
6.63562453351
5.05002679482
1.6187630842
1.22895076217
6.15881348814
5.2360677166
4.59993443916
3.50839481531
5.43488977187
6.92579620324
2.70044777314
1.36616615457
3.93260661499
0.33006059555
4.07138164692
0.85105026938
1.17977385509
4.04887166528
-1.77508584159
3.65388158246
-2.77621155348
2.21080279094
0.836906695507
6.54222538252
0.702092112057
3.05748163092
0.570319161976
1.51761174461
1.9609112741
1.97314310175
-3.83004555054
7.30761300869
3.27909070194
-1.04909915206
0.635764834405
5.31455107898
2.39005000906
2.25955615008
6.85301143993
2.79406416654
2.89732701993
9.66501290969
5.2098965348
3.15230022715
9.59284539637
3.26456133588
3.412050333
1.8966505559
3.17070115179
2.47713097032
0.181441289176
1.87537694754
2.08882611511
3.79458467269
5.95057151026
3.91593998978
0.0953843660533
4.7824959914
0.99007863448
5.97540009884
3.66729773155
1.94519577895
-0.35489886264
5.91582090138
-1.06406989816
-1.58346609467
-3.55335020801
1.42599176356
6.82379761679
-1.18187088805
3.46225029534
3.13736426781
2.74268859704
6.74818857842
1.99732218195
-1.53214390823
0.582875698229
3.99359816736
-0.81724464064
-0.919377289923
4.84350852244
6.87592718476
4.08676561637
4.98369649386
4.4269244522
3.36964881707
0.181472583848
0.131574320213
4.66613097343
9.66999118524
3.76082067571
3.90757807229
4.44840549506
0.3385506696
3.3768785363
3.69029479722
3.17239631642
7.45726887793
-4.0801028319
-1.13430867322
3.44298415054
2.62458894208
1.1263309297
7.15986103293
-0.176202215051
0.35816331155
5.67305476529
4.82771354916
6.96675001722
6.28050015487
5.05945730403
4.01266565725
6.57603862299
1.08137538355
3.27224271987
4.87849157957
3.50092768498
5.61655142467
2.46617734823
-0.163397641454
1.7496813743
2.92287066807
2.3386480855
0.348854842984
4.32673771195
7.82479710796
3.58439499082
8.63751832819
7.22386594756
4.64264910171
4.65908102682
2.75525301092
2.51042357798
5.93249124095
8.10345346165
-0.860944199563
2.56131285915
6.01575426266
1.78515352875
6.33752538053
2.42093794017
4.169415049
5.52623351027
2.62888683297
1.11463721393
5.89841300541
9.56779255771
6.06813010179
5.16502454695
2.25818954114
4.46765512836
0.29821879364
4.13648360345
4.39579441085
3.732800235
1.04619347771
0.486657331206
4.01324466548
1.22041242695
6.292346017
10.6663094094
4.44657279148
1.4844254113
2.44114688683
3.89184177533
-2.10068699552
6.47476542688
-1.76820659687
0.886369826555
1.93131575859
-0.40135927047
4.54319179858
4.25496439082
7.00773710609
2.70956863434
2.38311153459
2.15391430676
2.8612016081
-2.72182763222
2.3165411511
3.02542521739
0.768988322587
3.25868891475
2.68009676158
4.64701753646
3.42002235267
1.60067587599
-1.35265841139
5.99038217458
2.96441271283
1.94787575931
6.30490694677
1.8086364994
0.980527557928
5.1738712855
3.31549562018
2.35642369425
3.45558607076
7.10797531687
3.06030003651
0.113829562639
1.55634643786
2.7388624161
0.291267472195
2.67353469446
6.02011750404
-3.93600367777
2.81977706207
5.8667117544
2.2845621257
7.58271272665
6.09461974956
1.16119222263
1.74215800136
-0.00400874433297
6.39333585279
-1.40986934094
3.62078358619
2.77532853213
6.29481998817
3.08061364666
3.81061311177
5.60215273516
0.517251405956
3.40227252164
1.16689074919
2.96581777644
2.73257559841
-1.95449721995
1.06157642704
2.32658506968
-0.489149753636
2.00372684244
-0.315986182883
6.20548807413
2.45299272076
3.45453252665
3.72353924809
0.970438072776
4.76214250291
2.07076621817
5.21748720962
0.257363647557
0.269639942927
3.47460397961
-1.65662227855
1.06003027222
4.48853308444
5.59641415262
3.88678193354
-1.09973088327
5.83134083368
4.22574019747
0.938047268201
4.55519112053
7.78245623392
6.53642180358
5.15483048308
6.49009035061
-2.6692378656
5.60178350871
3.70047453748
2.7062235559
1.47636944381
8.47418648549
3.00749975596
-1.09411645983
8.05193608383
2.79609799498
9.61910171006
-0.121187825957
2.69322756229
4.93718764758
0.724040479819
7.07734588886
4.01212563793
2.14237464918
1.3542562692
9.70915648482
3.45824896746
3.6064205838
6.72613119199
1.30794074589
3.86647572495
-1.61464730542
6.61599736161
-0.517468945016
-0.270940185358
6.01604510697
5.98056559111
3.12569462781
1.04106387611
4.60926755832
-0.653114493911
-2.7237473246
3.6540254336
4.21421063513
4.62216026677
9.76773815086
3.16521827102
-1.01364382068
3.72435695101
-0.57369368659
3.19362421817
5.4597609787
8.12703662312
3.33870734359
8.84520633911
-4.62344166095
7.2567811556
-2.44644444927
-0.824025796192
8.92107349946
5.36931575883
1.51299852677
1.60252159905
5.69514986459
2.89474612139
5.10944891373
5.62869371119
3.15259007593
1.79920112636
0.969246893153
3.40660956749
0.72137996697
3.86046865605
2.67824360165
3.82644927512
-0.616250037895
3.43087967247
4.30322502615
1.2795181508
6.74028249566
3.6967694568
2.35279761739
7.17352552726
5.75561896506
5.40345873724
6.15414572044
4.43608777349
5.87243665108
6.86140467872
0.824170045575
-0.849362328477
0.777586112884
12.2661623466
-1.66529858319
1.06611714085
2.30452408732
4.16331453399
-0.63829055818
1.77806685004
7.60943901681
2.52736141391
-0.662681474125
0.125946997442
4.0456885174
2.0178061847
-1.26011502095
2.79457802055
4.96727694221
7.44619682678
4.04630202999
0.319000442631
4.99228718117
4.92432598524
7.21574188301
4.96664487412
0.740363326399
6.34982930799
2.28324802475
1.89630874278
-1.36537080374
7.17860516792
3.16494867409
-0.743992846404
1.32343570994
0.756865507473
2.37244139582
-0.0977420642006
5.24266349868
5.79208316398
-1.17245441278
0.770999505305
4.14923913441
0.0521708411799
2.82750437669
9.14518535061
7.87930972903
3.07079719885
2.80139981237
-4.03386248609
-0.876984929421
3.46568915302
-2.32184223983
5.94394421453
2.71478604458
3.25401274314
6.54867071499
4.13707933806
1.04971448125
4.9853938139
0.749702859776
8.55574450331
6.17985367769
6.24718562962
5.40789828833
-3.15371577416
10.5812932199
1.90207047049
-0.45201626174
6.75778020232
2.18918875055
0.596873904908
2.75046289029
1.69179903429
-2.34756009102
6.07166166829
6.40038740054
0.872346090428
7.09825243154
1.18182935754
-0.848171024895
-3.34061789246
2.67534466975
-2.35436491845
6.85289220937
-1.09389413312
0.325595305638
5.65014448908
2.35417324704
0.575259682475
1.65944251009
5.28306426351
-1.00121557986
3.16694465628
-0.259772280755
8.25717197029
1.81773939459
1.03530111377
3.00671421751
9.38472274496
3.72382878384
3.29901829387
4.099492469
8.97633120652
8.77102735326
1.3858871347
-1.06119747743
-1.63822685583
7.74600301488
2.97370565828
10.6451953934
4.61096603974
2.10289708768
6.4289391047
-0.291407509586
4.24912113339
3.80226701826
2.70653996858
9.56444239958
2.08741049522
-1.08998049299
6.94521863589
0.999373482267
-0.154981838355
1.19045050092
-2.30034068118
-1.16990451321
5.64482680182
1.62676001228
8.19555416737
10.4993479722
7.01192501669
5.2520277546
3.48567172109
-0.822896175163
1.02957866005
4.11392994628
-1.1920293308
6.53460306201
1.55451156923
9.1749158795
4.7021400522
2.89345636072
3.41343292436
4.16303080211
1.19163783527
-5.21258853891
5.95726639926
5.63791546738
-0.152858283204
3.66674782773
2.0833270038
2.96488691804
0.953016530233
1.82550810469
6.15406874089
-1.12174496175
5.54980091074
3.54891198717
4.82851599009
7.05570742315
0.333074416707
3.35977261652
-0.634048837177
5.55460477358
3.75954540778
3.14621090599
1.96407814352
5.77917328747
7.93602155509
6.37188562369
0.531216432731
6.01131923799
9.8094218079
1.89373803799
6.77872432622
4.20160401877
2.70346939715
5.7177531154
-0.130966269913
3.54336786759
2.73486205522
3.78834206898
3.50583409617
0.933467685756
1.2758508696
1.48003794656
4.53314656288
-0.869678380851
1.7966919647
-0.209055782736
0.816104407597
0.243954372439
10.030494541
5.06747150173
0.520828161421
-0.615573302803
4.60980087023
2.90137181622
0.110156358269
7.31856651889
5.15738292822
5.24309215082
6.64579698518
2.53754535703
-2.12538851218
0.111156724368
2.45769333896
2.28581762705
3.15198261184
3.77331278707
8.04729571047
1.80089861733
4.73192299142
1.87439775845
8.71402864081
0.754952495891
2.74565665013
-1.08062932324
8.08647847114
5.59749028771
2.1454539842
4.71992415288
-0.954863422715
-0.108113915442
1.71474656614
5.04257218464
2.05084853904
0.796061149156
4.58031058432
0.931464827619
-1.53085267097
2.4050108732
3.99500418816
4.74227418007
7.56258951191
-1.65776030016
-0.224351347946
1.54252336793
0.186994357476
2.65010472536
5.87725515077
6.40243563246
1.72554117797
2.88513658198
-1.39753046258
1.03375192252
-2.18800320823
2.21550859253
-5.67215948731
0.836555337355
0.328741219407
4.09082635371
2.13477246974
-0.452181245688
4.09092679126
7.55369296912
1.68620727892
4.34711293259
6.18511988901
3.02323443973
2.58890335604
4.09553789679
-1.53838896171
1.933029677
-1.50038946701
3.30608252197
3.05558787005
4.68504086614
3.11688360649
-2.57904131409
3.47592154834
5.33382315233
3.63807807213
6.45136703851
-1.00066217521
3.70395488668
6.53348083487
5.01146174565
5.83012335504
3.39960771336
9.49345298444
4.8472359113
3.44646686666
1.70938048994
-2.75422157599
0.215758425519
1.10712534281
-1.65564814848
2.24861711763
-2.09199227107
-0.0402299711612
3.33828208199
0.411713470996
0.872589918513
4.76224050725
2.79820896051
3.28082215556
5.83931891448
-2.07157428904
6.9172160331
1.52787888467
6.47199072642
3.4583690096
4.60821412368
-0.871979761226
0.923501900276
4.4547368698
3.87932571441
1.13032372608
2.43539948541
5.71838638682
3.59766781304
2.27690497413
4.6204276777
6.44208873107
2.26764511182
-0.334261599303
6.45464545356
5.56259932462
6.62322421479
1.6136165361
4.17427501353
-3.53413392185
4.55993525118
4.98950496379
3.7199205374
1.8334688109
-0.690109297705
-1.62142282566
5.13233544154
2.92049927091
7.87181871039
2.91713497626
3.48230842672
2.21829220625
0.512341850323
8.47458281318
4.77514657841
1.6791359718
1.80422741936
7.42082379214
-1.77981812143
4.16205889547
3.98726185263
2.30155522874
2.43149464989
-1.28198764707
-0.390051956199
5.5208298577
3.59998220209
-0.462686099934
6.70750401951
3.24656575176
-0.373245106706
2.67970634076
4.84648523392
4.98406771837
2.0955101217
4.04203557092
6.65332049793
1.36789995881
-0.720087712883
2.70102179133
4.13374607453
3.86208434986
5.2849589402
0.676054845384
1.27502491917
-2.81382439842
4.47006839321
1.80905518516
4.72144265539
4.4960883501
7.64875512739
6.22233703942
2.48802027588
9.83360492312
7.76252809253
4.19486077608
5.96128190509
0.250602396391
3.43417255696
1.42126027193
-0.756555912464
1.85737485292
7.37676325314
6.08255869665
9.35094524619
-3.20947006772
-1.64308639905
0.392806570261
6.36280098179
7.1015659453
4.80417766896
4.92175024253
5.37461289042
4.50107071006
5.24955469688
3.8422144773
5.92604591282
1.30583873197
1.73700666232
5.32440387982
0.579481638666
5.05719566929
6.02203939176
1.58052522427
0.202370376187
-0.0350408601781
1.17662856331
5.27276466526
2.1457911
3.5891539876
-2.05666505864
-2.61358898584
1.26813813147
10.2842241819
2.34356052576
2.29218539718
-2.21334095602
1.1081164887
1.92086505072
8.19853465336
4.79377073205
-2.09916740998
-0.495591712062
2.52476169653
2.10903900856
