0.298978792093
2.2037320973
0.775791390457
0.859746193597
2.91448301378
1.49725369619
1.6233011858
2.41131890167
0.93652981263
3.9002546472
1.37389868262
1.64257403732
0.284065788992
1.0679630483
0.298541240124
0.653589571703
0.906600095594
0.84564175183
0.199123866913
-0.0615111738414
0.298506647484
2.84884375585
-0.84488282585
3.59164946166
0.784072647175
1.12872316199
0.920344779806
1.53802932531
0.988368950659
0.274168100462
1.96893481831
2.06849947402
-0.164706555467
2.50263804506
1.54805788936
0.207583094681
1.26464653164
0.62554171924
0.662507971484
0.620623670142
1.07551181832
0.89167105827
0.823626557651
-0.167224146522
-0.236909979598
-0.225520258586
1.23913070426
1.40168648373
1.58089754439
0.496626120372
1.60823708608
2.99571294957
-0.549226073655
-1.27600859585
-0.0222733581976
1.03400791545
1.73529439798
-0.312710159686
0.820507599198
-2.32726415962
0.463230066832
0.121051633126
0.718954437162
2.2364760824
0.761720819632
-0.177127449852
2.18813447962
1.08856761019
1.51859149153
1.57349503186
0.0869427796016
0.371208890479
1.48146276267
0.966593574617
2.11163062544
0.883551753429
-0.192959961636
1.60384631088
1.76247215346
0.0859478863028
-0.194357939945
2.6649177576
0.338354918979
1.0560586861
0.0961707653897
2.23769497015
1.45602877623
2.81750320157
-0.256028798805
0.479606411446
0.534297703019
-0.293957139911
1.01449275084
-0.340943017044
0.503658903931
0.8922991934
1.28897141527
0.711397527087
1.43877554578
0.159647680196
3.42454970054
0.423718504292
1.41183559297
0.501531708896
-0.390162833322
0.0945425089856
-0.0138445573844
1.66904658418
2.52119581907
1.09789870505
0.532662212055
-0.126810692485
-0.247731867351
0.369040249464
0.973119838947
1.46432786358
0.230551274767
2.34135374972
1.74308204358
2.15510213199
0.86873760322
3.77386324349
-0.847741813758
1.55231059344
1.87090349447
0.933917717644
-0.80927352536
0.885949801125
-0.89756474496
0.968875604176
0.481756219684
2.64959423487
2.29903433226
2.71414417071
2.44394238358
1.97246372398
2.26258234427
0.0697959676191
0.0499022614166
1.46724031035
1.43305008564
1.73151219591
2.04523543554
0.389628845708
1.21381503444
-1.23582703263
1.15859109362
1.0591523444
2.19035502716
0.277236056986
1.68427599267
1.24170730141
-0.971991640677
0.24882622145
0.850228557311
2.44225285615
-0.41340306173
1.04850755844
-0.209808142757
-0.437076330901
-0.202432203936
1.80851192633
1.66514509859
-0.312347535853
0.149570654359
-0.775193030934
0.487683739442
1.48911353672
0.193356083478
0.446554185704
0.982061168293
2.02134356187
-0.410861647607
1.34851507372
0.459124328007
-1.01799955004
0.513395441143
0.628556651957
0.879063397182
0.675538589755
-0.125956553036
0.790658492234
1.46226721486
-1.01576144789
0.4115842567
0.751093964238
3.07446310388
0.941975082841
-1.07627575402
0.0434319312771
2.34460561836
0.977218909648
0.443146838209
2.92999910682
0.640780133717
1.82362715807
-0.5361388475
2.06274626201
0.673672465451
0.848715989781
1.28821431003
1.02088213888
2.46671446253
3.03527978156
1.22145332963
1.53131053924
0.672226906961
2.64181557335
1.5970705869
1.36067785273
-0.0002708443052
1.42317562947
1.55269357965
-0.390909066766
1.398786837
1.41112005591
1.76275901301
0.171579972049
1.5851980551
1.51973992794
-0.274319365267
0.885322431399
2.05329931533
1.94887709747
1.97823728644
1.19056461283
-0.323949392802
1.92708080792
-0.390707424685
0.642822826335
0.843145850972
1.95113998646
0.161349734908
2.26692304928
2.5174740205
1.470989736
0.882053818717
1.71726638321
0.488824571544
0.0521597661299
0.207748922681
0.422758214085
1.98784418418
0.589043121037
0.991126850373
1.60062965451
-0.157046700525
1.03318832149
2.07666689128
1.38592479917
1.01049389647
1.38468589404
-0.265121338808
0.579948724165
0.0240121988583
1.74537082011
0.367233173623
0.501061173463
2.29119474495
0.986144170926
1.8553378176
1.03130773295
0.111351012459
1.0493460042
1.12320661539
1.14060890778
0.00963341036437
1.81880472975
0.04270682069
2.39624232828
-0.00137342815279
-0.452546488112
1.50008895228
1.44723906402
0.796830738471
0.924241746218
0.0971528651676
1.91005274592
1.07284811523
1.59026147345
0.613244544801
1.04252111234
1.37966682452
0.354377203067
0.869454659277
2.02767707481
0.797149760103
0.584368430075
1.6245789149
2.39289384628
2.21448615102
2.48457525328
1.15375458199
-0.0666286181131
0.521825384692
2.99847397509
0.325040047085
1.32905601669
1.26256656551
3.38383449102
0.0978719581787
1.57359038163
2.21479063764
1.80208288742
1.29461650008
0.478704360236
1.25759226376
-0.154893284037
0.626290833292
0.760016499244
0.375819797706
0.451788208027
2.586234434
3.13720829207
1.78386476396
1.34580889702
0.284316659664
1.31410216881
3.07583969217
-0.672552265918
1.17918147001
0.483022966837
1.11731247242
0.891151990742
1.24854099946
1.01634443035
1.17955929976
1.27908787589
1.38258784676
0.269034897407
1.77469978114
1.73807171579
0.0442375078363
0.760896446376
1.37586269851
2.322870818
1.84794627209
1.33389580193
1.54418818031
-1.60679747224
0.509003426619
0.552034419393
0.536856703609
1.96384715166
2.1657280953
2.82677730006
2.51494629259
2.43886429083
0.756783329092
1.13500144129
0.473927880674
1.14607854333
4.19378810009
1.01202112254
1.5159134319
0.761596665918
2.41115255757
-0.834565712578
0.247863190569
0.63509789851
0.186004667205
1.28766613294
0.921835057529
-1.45234598408
0.675677925958
1.53591234276
1.81777837804
0.137786709642
-0.639347253968
3.29198924061
2.53469473595
-0.0112876300392
0.96346341445
-0.322317238309
1.02399350642
1.23574866554
0.0200001231679
-0.0150372027833
1.2413591438
0.0464965784731
0.074341932566
-0.888422790718
1.72034510782
0.784908015553
-0.13526355206
-0.101729031328
2.84473293489
1.4842422178
1.1163230329
0.434805970375
0.911461508235
0.671502904385
0.703257402922
0.0808794473627
0.913451245964
-0.180641610549
1.82284417569
0.870512716538
0.557160638379
2.41393752358
0.734482802302
-0.539314427417
0.194738746744
1.52333278659
1.97878602388
2.04371067709
0.766063316872
0.634899451443
0.172868454408
0.311595113134
0.875951938075
1.28991140932
0.0578656793768
2.05221265734
2.70030640047
2.05854475949
0.99009407178
1.73080301708
0.891390973707
1.14415842589
0.199552928429
0.203765610396
1.0646255992
0.352170300194
0.780207135605
2.12901105197
-0.374257079481
0.102629734053
1.67311194912
-0.314746685015
0.652067594877
-0.986436015337
0.0971031230673
1.85536855869
1.00840940243
0.783422230737
-0.356551037579
1.75292844691
1.63362578957
0.25936302361
1.68331143409
0.874122542432
-0.197101738647
1.32021425151
1.15581453262
1.10823414947
1.75652792624
2.17657612155
0.155503319622
0.56665010278
2.12060621538
3.47684429572
1.79077480039
0.893142480639
0.786853623943
1.64866109277
0.849142125505
1.34002231899
2.96772557831
0.549494338194
0.22674777906
0.353235383065
1.62540214219
-0.219213218566
0.536504510602
-0.871916886409
1.02264428523
3.08294162664
2.10631901411
1.65466883566
0.881361604871
-0.931895881805
1.73734107472
1.33720370367
1.33273790648
1.36974474796
3.0331064021
2.36787300705
-0.893037692379
0.302070150313
0.613737294515
1.83077187761
0.14934398489
1.79364944662
0.597474360428
1.93060435817
-0.533543125765
3.47695066689
3.1539917144
2.44648919378
2.16294482819
0.756687751366
-0.287126167923
-0.256305722
1.29042248808
0.677533131621
-0.598610082032
0.196624450222
1.77123454904
1.48239802162
0.378569663692
2.02661830313
1.39005251108
0.29931061285
1.12675236377
-0.344339132115
-0.560846061995
-0.0710318350168
0.767443033335
2.09903024468
2.02423357655
1.05603220541
0.787286395851
1.26046871546
-0.420434667326
1.78233710695
0.848810922423
1.64466736657
0.337052664605
0.296973991813
-0.25237883773
0.274712049994
2.36404698541
0.660426694623
0.795221407806
1.00691806799
1.21003318873
0.797030544314
1.58333367697
-0.23131952187
3.11188134967
0.770839631054
0.459785643373
-1.0278203194
1.66900441497
-1.43949028006
1.71737422965
0.826055707571
3.70314460898
2.19207685835
1.19565111623
0.806545333816
0.666913630205
0.502513619331
0.171722046436
-0.721303900797
0.754840196001
0.897122393172
0.121216997036
-0.542370221473
2.30523665503
0.53920072352
-0.330076130725
2.74799325835
-0.976842296312
-0.492521099885
1.00185931076
0.781901901738
1.58836931443
0.236508773922
2.57559266644
0.55286183084
0.315899510192
1.39060614004
0.75533057876
0.355810536333
2.69525992726
-0.137098440194
1.54169211097
0.707421923134
0.844184909411
1.50961239687
1.72034027432
2.16770895669
1.67203772696
-1.6127615388
0.604598137976
1.26230412643
-0.391336840942
-0.426825994457
0.289060582231
1.36518412766
1.35355088391
0.0321263766101
-1.40710620243
0.215018599711
1.87327610318
2.12159057039
-0.604270749116
0.657754404513
-0.407597760354
0.298132104507
1.6805192166
0.747068134536
0.916678195592
0.854971034057
-0.0262758065134
2.91188504297
0.472352089897
0.872579281424
1.62468434749
0.188944143701
2.53123355247
2.80548205634
0.441206331142
2.85405466755
0.421747206938
1.35291975637
0.526356631635
2.54638848203
0.878208693463
1.25765361681
1.01960914039
3.26523434527
0.396627397051
1.01484062721
1.64650037862
-0.428447718657
0.880877435854
0.0418543653555
0.585969009274
0.728560781713
0.44707018806
2.60688909129
1.17805279036
2.35479973447
0.264160821701
2.24329706294
2.02328936205
0.866403925108
1.51593919821
0.550961411449
0.556262507482
2.089394995
-0.592068114625
0.664917189686
1.48850599029
1.17149236595
2.4260854095
2.01322257954
0.453710634057
1.25385485072
1.63445268379
0.86542185488
0.519618958517
-0.963002343064
2.51373725851
1.51194031347
0.249049191711
0.176962717749
0.685174515579
-0.76022100876
0.65684481739
-0.90053794278
1.18748799967
2.71550680741
0.151859513976
-0.10105404324
0.200234234063
-0.358299642446
-1.12453319454
1.63276406532
0.218638768029
0.653902432184
-0.765325338416
1.99537489604
2.35793792298
0.826278561843
0.132304823803
1.07509309545
0.968496733976
0.00458050235351
0.659396178994
0.133484341777
2.63655842342
0.954024465805
0.252185410862
0.0660116512937
2.10005365911
0.326356686112
0.101434898895
0.723199052517
1.9880937048
-0.30148107376
1.2322916497
2.35606214719
0.650447137879
1.42573930503
-0.708151011139
0.646869238721
-0.403877666166
0.0826293760219
-0.226820644689
0.606361571802
2.93558810943
0.92948131244
1.0152550963
1.20638430845
0.130251651245
0.232763337336
-0.825087677981
1.02788893904
1.70818099031
-0.151852002646
0.544287042845
-0.619188078895
0.369537788025
0.915487832365
3.84728197553
0.67451558757
2.16793598056
-0.937664253223
0.703064696779
1.44277650635
-1.2557384225
0.155672277968
-0.115184595227
0.503935543741
0.716476795808
-1.3197733046
0.589449654359
2.16142129294
0.396842622705
1.88583208606
1.20611570648
0.982458483549
1.0030596246
1.40477330539
-0.431934140504
1.16677509607
1.28623014069
2.19338945455
1.43289181824
0.994913368438
0.955304875342
2.34387814103
1.33369307638
3.75508732533
1.1105995332
-1.35012827003
0.39916605592
1.535469515
1.97347864355
-0.676194854304
-0.594891340513
1.20491563434
1.03485647302
1.92325325979
2.35418704532
2.02204453204
2.5558163006
0.367040996329
1.79423232854
-0.405338449791
1.53127024131
-0.854618179315
1.46983684155
0.247673008434
1.83413118982
1.52618841639
1.07242902124
0.671336318442
2.91161219203
-0.623196921388
-1.1978898726
0.786064715552
1.52226577168
2.3347894485
1.82918398625
0.968981638371
-0.131592118587
0.692816720822
1.41797631836
2.33140837677
1.35274623675
-0.754556747805
1.12251604091
2.64376217872
0.893165236474
2.03628710291
1.76082368474
1.59713139104
0.353000835564
-0.153718127371
0.382681066544
0.812619850751
1.05991110004
1.05180377837
1.34973141292
1.93950040679
0.859631081603
1.06104765169
2.34391341146
1.19650526712
1.47120735438
1.32393458283
-0.0894832821993
1.40636947826
1.54963116674
2.15432533115
2.97359166671
0.105771070122
-0.033220755135
2.53243806795
0.187323118715
0.737639809402
1.56143338969
1.88864848365
-0.00503176243415
1.7441350451
0.592524700081
1.30511733308
2.36089295103
-0.021647879463
1.71533208271
1.91815440126
1.67154085437
1.47540012061
0.0124299555203
2.38152667065
-0.905459562581
-0.162837248537
0.096911765404
1.39854063018
1.020215418
-0.188100640134
1.19863818348
2.2991574709
-0.0715867016432
-0.0384828869965
0.192814614665
1.3424298788
0.916911130963
0.673874542529
2.873971236
0.871493356153
-0.167564785029
2.1989806196
0.399639954345
1.13127768382
1.24652331808
0.386164233698
-0.661405245328
1.26537917739
0.785908101357
1.54919033557
0.237729929595
-0.050817711532
0.605800206013
3.17979128226
2.99729583236
-0.125512120415
-1.21175920343
-0.663915306428
1.9711045685
1.39900834859
0.837047713993
1.74314469642
0.412197502923
1.01720600017
1.46457745226
-0.296201157182
1.3612446441
1.87662373976
0.905877462253
0.799987552235
-1.21728136931
0.159721788845
1.72443166313
0.502458266913
2.23207772613
0.637115216074
0.76482836704
3.3578280276
1.00441761812
0.297256235422
1.73932059074
1.33607151169
0.297216259241
0.198534393846
1.01642863558
1.75605028442
2.40191330442
0.0920288231872
-0.135109999205
0.225529812251
2.66526871022
0.791554917744
1.55660251458
0.613537695933
-0.130440741289
0.68902673398
0.922332202445
1.44841741976
0.869508598977
0.938549548159
1.70331952957
1.42984978306
2.051084055
0.130370406505
0.924224312866
0.252021347158
2.06948430903
1.83609366729
2.27028740605
0.460755911061
1.7743469563
1.82480959034
-0.71419276784
1.09413285316
1.64516053544
0.839803796964
1.42937296288
-0.944134386446
0.205718298418
1.03020239931
2.82416849099
-0.200291101882
2.32781077708
0.0564683107911
-0.234181881896
-0.935190509471
0.434575848748
1.25746534119
0.959407554346
-0.21027219875
0.517616036169
0.696843047243
-0.24059351042
0.985122158731
1.79503255459
0.55356657731
-0.439696880507
1.09003452359
0.634950686663
0.213594797888
-0.118272128141
1.86149619237
4.58764608908
0.440019608198
0.631566060377
0.747588624498
-0.243002157898
0.662758697227
0.999535915268
0.690323606676
0.298845976157
0.0414917364592
0.159499419941
0.911493954811
1.05933265376
0.342706588567
1.43150425795
1.9166035047
0.871653810466
0.490866188868
1.2501395685
1.79532401426
0.0940008336895
-0.395731748092
1.01423978528
1.0584329399
-0.0817171524846
0.116264325948
1.20913323419
0.665623862697
1.06049883968
-0.0229673884345
1.67639529246
1.20063991247
0.544692816647
-0.667756610863
1.68924620528
1.2014445296
0.801893359935
1.06743252668
1.33104035045
2.31402960914
1.72584122375
0.550785473418
-0.305937860976
0.321346290354
0.925954069301
0.485872083534
1.09034203062
-0.0768759261563
1.02001189043
1.12816365466
1.58393577141
1.10868306617
2.17581799048
2.93796839288
1.83813361176
0.0841516614232
0.271683246554
0.120328469703
0.532225303914
2.03174148953
3.47256545937
-0.0183249798332
