2.83263400143
-1.02440816631
5.44059266634
5.71031343461
1.26057849309
-1.02533416377
4.60370408486
2.39396814437
-1.82592442008
3.23412719675
0.550387835419
7.25951843591
1.89786164202
2.71793551112
0.413485154161
1.73358862016
0.0715358962564
2.02951222634
0.0956578047846
1.66631509826
1.63641219373
0.275879107007
-1.31822191404
3.03780287756
4.29141498227
1.33921546161
-0.925246784825
3.18983301604
-0.944833186524
4.97619560121
5.32182868624
5.1680616513
4.69361221839
3.96439859342
2.0419938598
1.61850704482
5.39884326394
1.77417042877
1.25917369873
-0.274100440424
3.50104394149
4.53880810043
2.90087266431
0.437193440126
-1.32931918015
0.162854648507
1.4859211117
1.66980907532
1.41664459674
-0.643476741255
1.30102081451
0.462580222451
4.88478092184
2.90881747767
3.02454329458
3.24655270406
2.15065990333
0.242433861977
3.13792182228
2.26823536851
4.52696870309
2.31620324349
2.67670837438
0.29328171219
2.62167158361
2.72819763512
1.39689853098
4.46154395357
4.62736490246
2.62323000392
2.83348998794
2.81523011818
1.81868750627
2.36289118943
3.82801039489
3.84716755039
0.348500279145
-1.39874940334
1.42574360914
4.84206153604
4.35826727713
1.69310479182
2.20093817518
2.9945895359
8.45934727656
2.62212136068
5.73415121733
5.26155416106
1.44465462506
1.54392802438
2.62486663524
6.56403639014
-0.507326120241
2.64858033613
5.21020546491
0.41074075544
5.07331193502
1.35246038925
0.636509560914
-1.07758466485
3.93975292879
0.522081021916
4.74095461463
3.69496448205
2.40367008422
4.5550299062
1.1940337407
2.10111729031
1.8947262791
1.08051284722
2.18626444439
-0.944535897837
1.10198961044
1.21140614392
2.50518304077
3.24386235027
1.172729142
-0.299292940097
3.67014571478
-3.76791186583
4.39370423905
0.841090107852
2.87847456492
-3.23134570575
0.994849785793
2.56980998408
1.20058191383
1.89693792167
3.3445565108
3.61557924625
7.40505439147
1.6991843681
3.4547264386
-0.646431949048
1.29530915116
2.0025646487
3.92018076224
3.60751326274
1.35388599572
-1.72310136227
0.697157320548
4.33794441674
2.97888804153
-3.64407918682
2.44778608581
1.94746604877
-0.511363805911
6.85394954406
0.246576562591
2.31640561167
0.377869800798
1.66088224484
2.41869002849
5.35466347622
4.38848334948
2.27979269775
-2.48450326832
0.504327504818
-2.07267784514
-1.34225588801
-0.299633505331
1.48112237252
-0.233929267704
0.500288026156
1.95160990819
2.41372123066
2.8438002151
3.13795294274
3.62885101866
2.15353889759
3.54026352651
0.791326302108
-0.259524083784
1.58374419247
-1.26511978653
2.93307641925
3.80787906523
1.60856214549
6.75610757114
3.79489606615
-0.612169904554
5.01793751041
6.31810624905
-1.84351909302
3.0448867365
3.9681437348
1.4250915776
0.699235641
3.04660299832
-0.126830068787
2.92557001401
2.11892517436
3.92281385314
4.35179211032
-0.105863041672
2.1799334497
0.73364430263
1.79712384549
-2.42921725168
4.14447981545
3.83877571425
3.17835214836
2.69612856854
5.29391010108
2.24833411881
3.51895665014
2.73501680723
7.14513261732
3.79147122409
6.62345331675
1.64728033084
2.19382985117
3.93840838022
-0.320392323593
3.38021079341
1.36896629095
6.36640421747
-0.499828328669
3.31324017479
2.03575401696
4.38193817084
0.745193950663
2.09809615045
1.01912884408
-0.87880912859
1.48392617313
0.463510286398
1.73961740176
-0.219493749565
3.90026085269
2.44503934893
1.00503841072
2.49953233653
5.0930722977
-1.43225703555
2.16150592703
4.46262550389
1.65583196855
3.39063121333
1.42486949786
3.89804286032
3.56894448376
2.09811171499
4.57298792864
3.1305733735
2.12328001399
-2.75647049829
2.49760891071
1.73246829627
3.54251252933
1.46719157637
-0.689068295735
5.14057504289
2.21727431321
0.00693202497891
3.01703410996
3.76035975398
3.51962938613
0.306531816306
-0.430484595169
3.73038921886
4.60188256798
0.204888178598
3.97059617111
0.503523811994
0.209352074034
3.31529704622
-2.62356170975
1.66812481487
0.157264467645
-1.42325993605
3.08516318862
-0.819491102196
0.503039942459
2.1917714719
-3.70349153895
3.474420827
1.00496375641
1.54538302004
0.360621739558
3.4158609974
1.75652383376
3.19239387115
1.97260821613
2.14647747788
1.98003426559
2.6660937056
0.409879425039
4.69286303822
2.84384312623
2.16300875042
3.98738511346
2.82341601045
1.99922415353
4.79456410078
2.68747607774
1.91984736137
0.699946079245
2.17385847888
3.52056689215
3.10181911778
0.41858310121
-0.497041689244
4.79993109015
1.5823418676
1.59570549051
4.26717445932
1.7053201427
5.266796589
3.15393105837
2.62457823962
1.17771152212
-0.487788857899
-0.220014067367
2.92155812238
0.410036158018
1.2255484595
1.50918898593
1.89539617646
0.662349952487
2.24945214039
1.63823823183
1.60594964328
1.85399045215
4.03902810279
4.33705665331
4.96418830996
1.1117533066
1.47522537145
0.244470043809
6.18667102293
4.07523823377
1.17993633178
2.19435191996
0.685345203451
1.44191335063
5.64617271246
2.01934940122
2.40291649402
-0.00318891216127
4.32853720346
2.15799373382
3.89226052914
1.90258712459
-0.596684201506
1.7483361772
-1.60274140057
5.63417519764
3.53976320125
3.51927386379
2.44604991442
0.0140198278583
-0.562346505113
3.21318586329
2.56006215758
2.33965349203
5.75577394256
-3.39947371405
0.596525213004
4.76914689927
-0.011719803767
2.80535469716
2.32890587658
1.27123946138
1.14641129579
5.56870085039
1.80601999886
1.66288502366
-2.7798024423
-3.15078698746
1.03436220832
1.16453632774
-0.046964121924
-3.35931191688
0.224293262449
5.37741075504
-0.824148007461
-0.956298851897
3.33350906541
2.91776330315
2.09558115937
1.76490917576
2.53540490099
-1.70416481749
4.40675048771
0.507030959936
-0.000612256234824
3.14331472048
-0.00876179144712
1.89416853116
2.19156180903
3.93133085592
1.25362135557
3.31826724938
1.59867117104
-0.385303366331
2.28804416967
3.29258025553
-2.81002340898
0.584246180624
1.08250998625
2.07391162978
2.71017145186
3.6883243928
3.23621823269
0.0637652877877
2.64891544203
3.11881535157
2.04974949678
4.1656176942
3.24382355047
-0.80101631052
4.59815124646
1.39883703896
-0.529632751973
0.610303400955
0.487041551253
6.78906647064
0.442390771864
3.05960509101
3.97532839603
3.60293351404
1.31492018866
5.37833499051
-1.36933178737
0.359898202726
3.92127304939
-0.354545421822
1.77198843206
-2.99218819676
0.450111679332
2.49865473
3.28464636634
3.9047439517
3.19962391313
0.462175326142
2.41331062236
1.76518660217
3.9883446172
-0.530426414859
5.0220619675
3.2757670301
0.605680582505
2.49176477421
-0.360512454728
3.06973343322
2.19814753678
0.348389336628
-1.79385971985
-0.610582325258
-1.26293598857
0.507725151527
2.42269819206
1.84412926449
2.12214637215
0.0440277359009
2.91831469182
5.04764954741
1.4770591886
2.46650516042
2.4568598971
1.49935126058
5.97394377766
2.64345493096
2.89555487636
-0.0839431015255
4.23979332544
-0.0539712682692
1.04826129956
-0.796888663449
-0.0128944098879
3.64219755539
1.11503272671
1.91736012421
2.56160646043
1.35954024598
0.158008053623
1.82118758465
3.33869259299
5.32541739088
1.84120584151
3.91452718213
2.81659806845
2.94117982926
6.09036813931
0.840512201042
2.78600985756
1.0558184634
-0.0247069944942
1.60570351312
2.51691393392
4.58885620833
1.41756697857
4.65538312737
3.31903315512
4.17654627262
2.88956183437
3.49663945642
4.45424754559
3.87775012111
2.96081724459
-0.460823541784
0.847914899085
-0.51091764542
-0.647312316011
5.64191090242
2.2698756902
-0.637997559342
0.788959801174
2.53315523348
-0.0614275854077
2.09152166964
-1.3136589408
3.8145554214
2.98884782378
3.77419735261
2.68773526223
9.10371553426
6.31890622336
4.64956954654
-1.43025926324
2.2676080033
2.03887180233
5.40337144313
2.03692463731
4.45028711677
2.40903204294
-0.448056578047
1.61347932381
4.7679008819
2.26024270831
5.91920083407
2.03397433052
1.32043898261
2.4951863053
-1.8873611777
1.953252459
1.63958425587
2.02648856581
2.01145682069
2.59400112524
2.37916899654
-1.60269783854
3.83121798962
2.46523660966
3.03762766712
-1.72888014675
0.823899279627
4.9592497
1.41275620804
3.11466439888
-0.0991951239508
-0.717105983615
5.51618826988
3.29969862527
-0.355079282881
1.98759521315
1.92876046981
1.18641700241
1.17174325267
1.74376816387
4.43587839272
-0.924274566707
3.14312585443
2.95732926026
1.25248789664
1.83468459428
0.732853873348
1.99748195994
1.99907166621
1.33549890909
-0.879420502559
3.42621048349
2.07194782749
1.34833495065
4.62516615296
7.41291072759
2.15771244167
4.58993004162
-1.63421095976
0.951558776297
1.77519683225
-1.60910165549
0.0879501707592
0.143744089976
2.64260579861
1.35743735375
-0.0121566502353
-0.418967882035
3.50339935219
2.2671603202
2.74541388727
0.760573105938
5.56185640994
2.08796173879
2.81573369346
0.946977677933
-0.125598094515
4.32660031795
-1.20220566113
1.59947399094
3.36911032132
4.68115632172
-0.000814070446274
-1.78707578556
1.77335649718
3.3512022255
3.94284635504
3.88027664288
1.84419197305
4.94672384391
1.73383333214
4.45687268391
3.96131391022
3.06041952977
3.39434526271
6.182502379
2.24029873766
1.21267244854
-0.0320165731876
2.340873306
1.98687009294
1.12977535586
4.33982592974
1.64859007687
2.30329351702
2.26855729465
4.15723725064
-1.3516368786
0.454028736526
1.67920516994
3.59097668289
3.11246830707
-0.750928323561
4.00063519115
-0.256374708897
0.0174786582565
3.56816024843
3.51998291321
4.41991610605
4.93702489337
-1.16506369985
3.76676612633
-1.37667180576
2.40378789185
1.00116329517
6.20317147696
0.963146609977
-0.234842693719
5.90504901905
2.155529741
-2.34790208665
3.24718191344
1.82877091982
4.21379257327
0.883222421414
2.07340149683
3.33074252366
3.46046967705
1.16582770372
2.42753258732
2.13327632038
2.24668913619
-1.60131031463
2.87727888996
2.50991837824
0.281562711409
6.34743400112
-0.252646779735
1.75948834665
-2.86054320194
1.87547547662
2.37779685774
5.20198760452
3.56084109459
-0.578208921417
2.86998201824
2.2835525911
1.43959842989
3.90111262644
-0.255191015748
1.97782901173
4.01990432352
2.31534302554
3.26729980391
0.428371436216
6.93959742737
2.1068947498
2.04861850504
1.27368526401
2.92765427028
-0.0353492098501
5.26469604667
1.63229286658
1.33016937424
2.77198225452
1.36414405556
3.10077423192
-0.150315787505
3.49094339026
0.498023629664
3.85468622075
2.41460271235
2.27404967452
0.860332152852
-0.380990035625
3.91817087393
1.68807799548
1.99364158392
-1.57354590148
1.1915302156
3.77788890468
1.244349248
3.32954778835
0.712902853631
5.25054200976
2.52179832969
2.44881286214
2.25316105566
2.10439561468
1.02273126789
0.26207125992
1.45271867872
1.11482069718
0.713168727954
3.23513528016
2.41062111145
1.10003363675
2.61867689584
0.638451038014
4.09894222358
3.84722571408
1.73083047238
-0.28444523355
4.92065154285
2.93183782071
-1.16615695379
-0.392633308833
-1.14516438375
3.04708092113
1.82029773681
4.89696316199
1.58036586115
5.62111425397
1.42072669473
3.26499165367
-0.0418124009966
1.44146049471
2.64269475597
3.16567981263
-3.57563159859
4.11637153235
1.9191547914
5.89408637716
-1.6548137871
4.44670281125
2.48714927634
-0.679635443452
2.96165619931
2.31135222759
4.98558321571
6.60302573149
-1.97435268393
2.91469096666
1.55059830749
1.19979319613
3.17828766513
0.685108671877
-0.362366200214
1.88521803029
3.44658712484
0.290214678747
4.97259137575
-0.178650024234
3.24677735627
0.76721983948
5.12505281165
0.993046410698
2.33236125206
3.36916332115
3.76150584183
4.82968413449
1.56884635606
-1.75450184421
1.48366140865
1.80852035354
0.56152458887
3.42489996466
0.901134262783
-2.12570540723
-0.133489925609
-3.34068454589
-0.822771935876
-1.26169139305
-1.51204452469
5.12102716813
3.20008876371
0.692237193413
4.18344872789
0.881241063646
0.658957299368
1.85356576557
-1.66789758895
-1.66802540508
0.897705291031
1.43168350681
2.65272611331
1.99707983317
6.33950837705
4.42020567491
3.9612908488
0.221719344691
4.19097015313
4.21235314606
1.1711867542
2.04200578901
3.45398766206
-0.990096226577
3.60324125526
4.85288438642
-1.68899539793
-0.182631097906
2.17403362916
1.35720059587
7.38080269551
2.89776312359
6.25869371626
3.57419148566
0.106764636898
5.48894102123
1.66825272578
2.76845988346
3.80398058585
1.0585770468
-0.619424278242
3.41357884475
3.8223822893
4.33093946076
2.79570936177
2.69178928604
1.61912611262
1.37907018729
1.82539101776
-1.62404306478
3.96530084266
2.86300779075
1.95641831979
1.96375033111
4.70315450015
3.30168891923
-0.0885417119287
1.61274850756
2.37981896426
2.54869042372
1.43180678517
3.13498454469
4.98066165369
1.44387059645
0.0469874213231
-0.348896431858
3.31509793649
2.90658130539
1.11319573717
2.83591934822
1.72853058315
2.46442554731
4.06979434653
1.42916637752
1.08243794374
0.610138750387
0.582385675241
3.11067430434
-1.51417488391
1.51561114737
3.9727645835
1.17931274399
0.560455028605
3.87466937889
2.5533758347
0.288844057275
1.60643768427
1.26960640593
3.89236353484
1.09765174413
2.41592139102
0.438340888944
1.81165864121
1.9050962296
3.41026674944
-0.00602643152951
0.89088733989
1.47874042812
1.01419802742
0.594168748414
3.94466396983
1.12316653764
3.0441846544
1.77556349539
4.56553665786
0.289891472863
1.34222537732
6.41052501152
3.69127022978
2.44673256428
2.11739340461
-1.29506947877
1.26190422151
5.15437997541
-0.438159357189
0.544558463838
1.02649540107
1.14197623407
0.801340705109
3.4011587514
3.66820704633
0.360123894378
4.08542484643
3.94886629183
4.16718652707
5.97357814781
-1.3363020197
-0.0221050331825
1.68303484014
5.1884231818
0.768382244681
3.91861566102
-0.138722099333
0.989075835807
2.86693037256
-0.0955797128506
2.08479486152
1.7924136699
4.20044442856
4.90771266717
2.56135416386
-2.71633465541
1.59218214499
4.42664845457
4.93737108427
3.79517699208
2.20922411571
4.33788668074
-0.219371718131
3.17429250064
1.42020232761
5.33701121742
3.82621863472
-0.862023689564
2.14574266386
3.28579349383
0.805987791866
2.73855863791
2.73601496713
0.0479384964791
0.295591969234
2.58677730355
5.08487482855
3.98717811766
-1.24523250672
2.89296779773
2.72836748333
-0.519880231899
3.37425064634
1.94649416879
5.15468953673
2.03912277335
4.1882215987
-2.09448382452
3.17350674552
3.07225030903
3.60742882502
5.02574301888
0.938214909382
5.31232385243
1.83038360437
2.87632198352
4.89361367067
1.98764791854
3.6379150573
2.37690061736
1.76672224064
0.648983665657
2.58136318784
3.72407614224
0.216949049412
0.25977378467
0.384053417249
0.538636213952
2.23061119907
0.707764433728
2.89075264963
3.83478012579
0.251144647552
4.74998640334
0.80676665732
0.796369420079
0.00856539288952
2.74315065148
1.42607097986
2.64822624081
2.50400298331
1.95985262445
-0.0990294129144
4.24793482175
2.39177209354
0.812546098086
3.42263670826
3.30129417252
-1.84759214703
0.471173426449
0.925299919524
-0.153464824961
0.839818420219
0.838956048627
2.09287067845
3.45675481163
3.99137692335
1.68707769977
-1.18875459991
3.35064539838
1.40352189663
2.10255431652
1.29781219917
-0.924472862866
-0.363660326065
-0.838297532624
4.13880696863
2.64375851756
2.04455347647
0.0280640027999
1.47230028609
3.83411583118
3.32893428367
1.61187702393
1.66402034037
-1.3616014307
3.09481249154
3.82304666004
1.68655413196
-1.4018273275
1.71173432706
3.70502288968
0.225976780694
1.50250672834
2.25101807489
3.03341465299
2.20312695074
3.31953723871
0.733329488487
-0.813149445983
0.0148538997162
2.36450865669
2.72519980152
3.60484185619
3.05245036922
-0.424077996813
1.46931301017
3.47359916667
4.99827778167
1.86654063529
1.41063437415
4.5887908702
4.94285641929
2.97951840237
1.14839896556
-0.564148181419
0.907031601006
4.43971348065
4.16493418178
2.06075487022
3.1460103408
3.51003115657
1.42169201499
0.552316952517
1.43578868412
5.99074593498
2.35022395845
-0.145999788965
-0.392138094511
3.10072404469
3.27064303212
2.30660321527
-0.895368252954
4.51087753884
0.302989981225
0.422029433855
2.21341894029
0.281395120915
1.00189401794
-0.0173638086145
3.04068433669
-0.656970066
1.49396227486
1.39954510086
2.47379644409
-1.05318671218
1.88930727419
0.487680001009
0.228612634524
1.0142567547
5.50827733667
5.28460988488
1.84528190969
0.57826871001
1.63119992449
3.7427286025
-0.686484859497
2.34547921455
2.55714515767
1.38805024851
4.79619055039
2.17982205086
1.52943899357
1.59609797999
0.697414950479
4.74407690082
4.56606123029
2.91691415196
1.24056867397
2.48183180488
1.49573259539
2.27533754613
2.53173741859
1.36689444354
0.494312659597
-0.100206466384
3.13707556987
0.510158271942
0.954984361726
6.17974958763
2.32955574584
-0.38068029584
2.44447749806
-2.27990014414
3.48232445979
3.26695774554
-1.0040720276
1.46830569433
-0.688134165573
0.954906489285
-0.139131771705
2.70344417675
1.65969408967
1.8860354946
2.70103929938
0.129276898056
-1.70328463346
1.15025610306
-1.04064184682
4.7125839951
2.87425956882
5.8922888507
1.69195677612
1.2336332349
6.30164765596
1.48122247136
0.172228091588
2.16757656361
-0.53369232493
0.115519321822
2.45325996257
-1.88133835449
3.17563947985
2.62151165539
3.87603775827
1.16533385957
3.64978678947
0.165088575729
1.54895132383
4.14054867781
0.372814426743
1.99293370909
1.78907376303
2.15396226671
1.47353636414
3.22617284674
0.34747311838
1.80534279177
2.20405055596
-1.24390244267
2.42682423779
-1.7829019299
2.56049627081
0.799161150171
2.38258246585
4.17144747669
0.691674101047
1.0478801197
2.2150453334
2.20382943662
-0.366892797767
3.27256967262
1.28748788797
1.20104432546
-1.33830820672
1.64180748206
1.09530652381
1.1961498981
-0.122733108527
1.49999177914
1.48782642471
2.05874681194
0.384882902907
1.88490169494
2.73722989926
2.18206081964
3.52478075553
2.06304225163
2.44029224578
2.97588353585
2.1185326383
3.34890172652
0.149013539411
2.00683996111
1.49901252885
1.82207005873
3.68360028219
3.58761858855
-0.716330873466
2.24244867262
3.43406871708
1.82980370667
7.50267876591
0.787988683421
-1.37769673739
1.57293236998
3.65695967752
2.50590575276
-0.98017038331
1.94668931485
3.91820681986
2.32252109553
-3.05854827772
3.93261201429
5.06495852556
3.33004175744
1.89025022795
2.52198038955
-0.613276035719
1.79888180555
2.88999006024
-1.49983768491
3.70985428858
2.10345188437
3.09885063531
1.78025209267
1.1351032386
2.1463263766
2.5516083685
1.93999221913
3.08378736048
4.82559199041
3.6211511897
1.87727694051
2.91779506116
1.36804911434
0.342052143212
5.67762440953
0.921290493182
-0.141251686144
1.06851328409
0.14107976384
2.21370904418
4.17266783033
2.34093357572
5.21702671164
3.24592245117
4.31460952628
0.5834977621
3.93399615882
-1.53978467579
1.90856161458
-2.06229577655
1.78177402797
6.86550314198
-2.88624110336
1.78698385976
1.26168166249
5.54361432123
3.95100603725
4.84243822973
-1.29019591649
-3.43719092771
4.44860985285
-2.97025642137
2.18137900921
3.03604350362
3.10874968521
2.71925756607
2.92230742932
2.01226994703
2.931611442
-1.45751059382
4.90984946742
4.15205100082
4.57462646975
0.438181210965
3.38612081065
1.67935230822
-1.46192465013
-0.336947237606
-0.916592486399
-1.45653398272
2.21496095825
1.17698722647
1.43336783197
2.172832709
2.9611633643
1.33920904012
4.16558042467
1.32112064819
-1.09586489717
2.66171830984
3.97931352472
2.50288953563
2.90230358664
-0.156562784441
1.02920848795
2.14673984939
2.21997589284
2.3587342308
3.98700720744
5.00082658818
-0.307907421986
1.06515031817
4.47227709022
-0.083444983813
0.83967594598
4.25685303105
0.714042135831
0.465275238278
0.577306525009
1.94529032507
2.7887285416
4.88613934593
5.61355946232
0.792251194714
4.5241552975
3.81530965404
0.0908064427714
2.48859513433
3.32640858402
-0.0976661395895
0.824937741179
2.77107642563
3.68098066019
-0.871711770636
1.65677385034
-0.64522877325
1.03899359737
-1.9458663621
0.877787053454
0.371967122758
3.3729901535
1.10057241435
3.95997894647
4.54831084685
2.07855961673
-4.1277245458
3.42136114925
1.63050623928
2.23038691263
-0.695759186178
-0.428110115021
3.04967542815
3.51569252459
2.20953071776
1.3342479367
5.75819134459
0.814849338915
2.70418722345
-0.984045294647
3.8442076369
0.522769356549
1.28030211116
-0.31186821537
0.241296384207
0.147544035258
-2.0232101672
0.762111028449
3.08173425771
0.670287122657
0.0157532509993
6.43930043072
-2.10208715205
3.31217122807
1.48154809622
3.65901728683
3.91939400032
3.47332493754
0.719565087648
0.769352091534
1.87801564473
4.57292049159
3.49413046362
-0.935838745533
4.77944475498
3.81504535671
0.39846260716
-0.271549605352
3.58680057681
2.42566601218
2.09988334835
2.07451509352
2.34374944868
0.331576851077
1.61734813841
0.303075130721
3.3423090611
3.30027105626
1.50607058075
1.70592880307
0.561390700673
0.200928724827
3.51660814059
0.618412544783
0.0237133105211
4.1741797468
2.31025193208
2.7968264622
3.3021027833
0.401961214298
2.76523330268
4.11692539803
3.3086698511
2.31633328818
5.44686740681
4.05167950312
-0.0652020625842
3.15188851657
2.97406976036
2.30436877112
6.67481451776
4.25795842141
-1.07761676929
-0.788850676134
1.4850892878
0.118075506836
0.458763825262
2.491790439
4.01916462592
2.61597269895
1.5672040813
4.02411210817
1.17702613089
1.46676866625
1.5048771417
0.596708321665
3.12399872348
7.87446541477
2.94590417051
0.111499799081
5.82563995318
5.16964611431
2.60056212949
1.63313394703
-1.36443844288
2.04333204722
0.310341709249
1.35660471308
1.07137897693
1.47955929782
6.27000912158
1.23909114618
-0.257335788046
2.40070402388
4.53479728258
2.17511333894
7.34842103605
2.73495245645
4.39030061267
1.3167800519
-0.766326394938
-2.97683654738
0.339669493718
1.82552740363
-0.5699696475
3.79192635632
0.86244639786
4.32823254072
5.74382137707
0.535629127876
-0.557383690878
1.22393480407
2.05464967871
3.39528427061
0.534051183289
3.82307003741
1.61861567517
2.34441960307
4.9264395903
3.59365157768
3.53287378616
2.58295698409
1.03818817408
1.39639793641
3.22764956864
2.10727745372
0.212790961119
-0.00480566017348
0.259018294137
0.892399000087
3.24786012978
2.80834448219
1.81841298768
-1.31620389874
-1.0509926156
1.47785828078
4.49804542621
1.72236756037
2.46063414321
-0.459137703041
2.39219953927
-0.887191698876
-0.363127879234
3.74421101509
3.57614834872
-2.36591080336
4.13016599826
2.32792650835
0.507317374775
0.786549701562
1.33264636168
6.55146551932
0.682651207272
1.88312926868
2.49644520164
3.79627361538
1.88486832677
3.11985562699
2.15125320237
3.10960956597
1.73509391183
-2.07735099268
-1.32710947182
1.17850762342
3.65567912694
2.69971387607
-2.63255491884
7.6258608622
0.356798801482
3.05129107291
0.873531858358
0.232786991219
0.608559071934
4.4676721814
5.03906869453
-0.86877538915
3.91679455215
4.81790807354
2.80306585016
1.84388356706
3.43466196792
4.06558360081
2.90222946823
0.546031669153
0.322722085886
4.24110495556
2.81702905338
0.272786874039
0.158551358314
0.96496427411
2.44249066031
-2.56926070522
1.34825866789
3.40761162193
3.77374343449
2.12502847405
2.89242329262
1.83281243449
3.33495513609
0.424458834901
3.0110635759
1.23578732502
2.5809644222
0.423568499471
-0.924344963782
-0.791614450053
2.83759015554
1.48364667485
3.56860072409
-0.809111006444
3.50242166276
1.05623049717
2.60927353585
-1.96100260534
0.61989758237
1.44859933563
4.04446959562
1.96737840651
3.69624717527
0.0849712473997
4.11764662251
1.72336572096
-3.20523724675
1.81931386353
3.25688936553
3.12641166807
2.43120274529
0.116360614077
3.25491334055
3.0755239669
0.0432783460403
3.59672998447
-0.856928882913
6.86844173451
2.24156819032
1.34878506911
2.0269722632
4.06382546587
6.8674530026
2.8571436651
2.6685945845
2.76053082578
0.0259527997325
3.57232981995
2.23307325795
-0.860506848211
2.93261468207
0.179546352116
4.2153599051
1.91238619097
1.5514000636
1.51829656079
4.85243693432
1.46202106637
0.437407834198
2.59080563908
3.15532324147
0.873039909485
1.23937552996
-0.249019420978
-1.1676397594
1.40998224151
0.18854507206
-0.656072017904
3.03519842653
1.34222159431
1.66173885766
-0.77223771759
1.07073732254
3.79625929056
-0.537862668944
0.367089488796
3.33796558983
1.81782370163
4.41795396717
2.62001296076
5.51791961853
2.86864888456
3.2387638997
2.84064214338
-1.68768243902
3.66893230146
3.78527136058
0.713124255113
3.34865438553
1.72807500417
1.84136941819
0.158679110286
2.85616426589
0.586339113477
3.97751456208
4.45264835758
4.37819870824
-0.64453805732
1.16821733797
-0.122198436614
5.68670811062
1.41952428601
2.3452174852
1.49564288757
4.85726749202
4.79176488243
2.15012948842
4.85173930023
3.31420901024
4.79045910419
3.53794907819
0.828094558462
3.18905079885
0.600063055835
3.16954316819
6.22600687083
2.81836024331
0.149471286667
1.01084218397
-0.434537393374
3.84728789774
0.709131373299
0.779404831896
2.05983626928
5.97258678259
0.431370901096
1.79836962132
5.0165353351
1.29615925758
3.51606863469
0.153828004528
2.09415776993
2.15480226999
-0.269214892628
1.96762936188
2.42457804289
0.815570221002
1.01811943516
2.87243032897
5.4068216797
1.05140197228
1.63875053344
2.84035542431
4.04677163646
3.24472672977
-0.819797758454
1.71955784842
3.50682003737
5.04963805203
0.317021657085
1.12532227805
5.45010208412
0.676076550685
2.6042255345
3.01483276336
2.18002130008
3.38241303544
4.5809177706
1.13988425762
0.235780637204
0.792656723347
2.55665200691
3.06800254181
1.36185835544
0.855412455955
-0.261791636266
-2.31856568554
-2.66021834773
2.94153170022
1.88789925389
-1.69459164795
5.01023540902
6.88908385902
1.78385818585
1.24981255009
2.66060408992
3.97287157718
-0.215822661246
4.10761400938
5.66278285165
-0.444486933141
0.392012503831
1.35890694666
2.79717858765
3.48506427287
6.62706166355
4.17086319258
4.8474833951
4.99463162075
0.40515159727
6.17116236726
3.21074406229
2.52363807721
1.49889330179
4.81235175857
3.62487992915
0.53967659634
2.31475253547
-0.582050209895
-0.120715061212
2.46268412895
4.4568293274
2.87592701139
4.29003762808
3.19656587844
2.26106531637
6.34641427616
6.74134425216
3.37490835332
-1.63406476816
3.09109182895
0.0856177546526
2.56996654123
4.00939058034
1.80912064237
5.51870685676
3.31031874812
5.3098585794
3.36888357492
1.69477793394
0.464487361373
2.05561849962
0.364357659367
-0.0034392089897
2.89520138061
-0.11955171211
2.56800286839
2.68251456012
0.409683947722
0.94094733539
3.20604351008
-2.36122158945
2.62868586966
-0.426837616368
2.49857871581
4.06526525871
4.5338359622
2.99452184358
2.66132644957
-1.28850526787
0.928318477575
0.524422942354
1.65924371524
4.14528528876
-1.00996324367
0.527326970082
5.80823822452
3.0437169688
0.529030531561
4.77614262635
5.11334922414
-0.257166399286
0.7977076377
5.21987389181
2.18823430005
3.46859740767
4.24675056848
1.80563916634
2.3294893383
4.2548643708
3.8099492343
1.17224237057
1.49499150341
1.85015120826
-0.0638972844919
-2.01344456876
4.22828829208
-1.88037044553
2.11361225113
0.533527764999
2.29358792881
0.936894802778
-2.70441340064
0.868622419516
1.23637668227
2.083774397
3.10207420814
2.35269623417
1.52808324602
4.17268338592
0.611623804609
2.17298856318
-0.155982616479
-0.553434552133
4.02301326949
4.82235959743
0.300215198889
-1.42826833479
2.88022621105
3.62380379546
4.21209989267
3.09561200008
3.66400107998
4.14608628602
1.1101344313
3.53220005121
-0.567196394341
3.14639204372
0.0583059050449
2.15266100537
5.62059863439
2.95001168888
1.10086199041
1.75785852165
0.275270171216
3.95609805782
-0.0118123757266
-0.61651982097
3.2735192688
2.66518226025
-0.312957891752
9.23219120451
1.38029375477
2.79542753208
2.05283984328
3.66335268427
4.86414466002
0.739145302089
3.8138036358
2.44972365185
4.7921933778
1.68883421889
3.06552352102
-0.408396424263
2.02785632045
-0.679459600397
2.07475999263
0.528907631775
0.98065309914
1.66566234532
1.49371392644
0.0475344022868
-4.26420978706
1.3689942321
5.89126800944
0.637494044092
1.99201986867
2.0085314023
1.01217442943
0.14821098086
2.32058151507
3.97172023932
4.6099722722
0.399804444958
2.93417380574
1.47550258198
1.13703682682
-1.54889297464
2.94042028934
1.36131563513
3.07487437388
2.61879519079
1.43066206335
2.98781156029
4.11040549414
2.71084203801
1.89553050554
2.07729818242
0.0229379379788
3.09636859887
1.03898684126
3.38826081685
4.94527670021
1.62245850442
6.07705226824
2.48301932487
4.54603937394
4.25176956199
0.911693048346
2.75636154733
1.16351011355
1.08010456686
5.38454862603
2.86759851876
1.88065509177
1.58189635463
1.0701932221
0.416364776574
4.81778140668
2.55447508348
2.34908539527
3.3508153344
-2.78136535322
4.09051031969
1.99984390791
-0.327426384473
0.438670483044
3.12625062767
0.801335293255
-2.963514215
-1.6362894707
2.34033919201
-0.312532139607
1.96270072934
3.65108368513
3.26285138172
1.40926301466
0.621914614831
1.64339372139
1.7771146218
0.900227194936
-0.542165018845
-0.21029323509
0.849745889552
0.481693547292
1.45273697979
1.17012926504
2.86562459894
1.9722930789
0.860043145772
-0.670601425047
2.60686613524
5.22126513162
2.42195217056
1.18322031898
1.74571391939
1.0337070152
-1.58968880755
7.57673085832
2.77660604029
1.12693174171
2.37873073465
1.32469295344
3.54184937756
-0.275868843637
3.66366774613
2.83334716374
3.6788822219
1.09565837919
0.27924736768
3.49416661549
0.772698354917
